0 0.7475961538461539 0.9435096153846154 0.20673076923076922 0.07211538461538461
0 0.7463942307692307 0.8473557692307693 0.22115384615384615 0.06971153846153846
0 0.7487980769230769 0.5985576923076923 0.1971153846153846 0.06490384615384616
0 0.7560096153846154 0.17908653846153846 0.20673076923076922 0.0673076923076923
0 0.75 0.43149038461538464 0.21875 0.06971153846153846
0 0.7560096153846154 0.0889423076923077 0.21394230769230768 0.0673076923076923
0 0.7572115384615384 0.025240384615384616 0.2091346153846154 0.036057692307692304
0 0.7475961538461539 0.3449519230769231 0.21634615384615385 0.06009615384615385
0 0.7475961538461539 0.2608173076923077 0.21153846153846154 0.06490384615384616
0 0.7379807692307693 0.7632211538461539 0.22596153846153846 0.07211538461538461
0 0.7415865384615384 0.5180288461538461 0.2091346153846154 0.06490384615384616
0 0.7379807692307693 0.6826923076923077 0.2091346153846154 0.06490384615384616
0 0.4074519230769231 0.5889423076923077 0.19230769230769232 0.0625
0 0.3942307692307692 0.7548076923076923 0.20192307692307693 0.07211538461538461
0 0.4014423076923077 0.25240384615384615 0.23076923076923078 0.06490384615384616
0 0.3942307692307692 0.6670673076923077 0.20673076923076922 0.0625
0 0.39663461538461536 0.16346153846153846 0.24278846153846154 0.0673076923076923
0 0.39783653846153844 0.015625 0.2091346153846154 0.03125
0 0.3870192307692308 0.5036057692307693 0.2548076923076923 0.06971153846153846
0 0.38822115384615385 0.33413461538461536 0.25240384615384615 0.057692307692307696
0 0.37740384615384615 0.9242788461538461 0.24519230769230768 0.06971153846153846
0 0.390625 0.078125 0.25721153846153844 0.06009615384615385
0 0.38221153846153844 0.4182692307692308 0.25240384615384615 0.0625
0 0.36658653846153844 0.8425480769230769 0.23557692307692307 0.07451923076923077
0 0.125 0.4182692307692308 0.23317307692307693 0.06490384615384616
0 0.12259615384615384 0.5048076923076923 0.2403846153846154 0.06490384615384616
0 0.1310096153846154 0.015625 0.24278846153846154 0.03125
0 0.125 0.17067307692307693 0.23317307692307693 0.07451923076923077
0 0.10817307692307693 0.9278846153846154 0.21634615384615385 0.07211538461538461
0 0.11298076923076923 0.3389423076923077 0.21634615384615385 0.0673076923076923
0 0.11057692307692307 0.24759615384615385 0.20673076923076922 0.055288461538461536
0 0.1141826923076923 0.078125 0.2091346153846154 0.06490384615384616
0 0.09975961538461539 0.5961538461538461 0.19230769230769232 0.06490384615384616
0 0.0985576923076923 0.7560096153846154 0.1971153846153846 0.06490384615384616
0 0.09735576923076923 0.8461538461538461 0.19471153846153846 0.07211538461538461
0 0.09495192307692307 0.6742788461538461 0.18990384615384615 0.06490384615384616