0 0.014423076923076924 0.28125 0.028846153846153848 0.20673076923076922
0 0.6610576923076923 0.2439903846153846 0.07451923076923077 0.22355769230769232
0 0.5793269230769231 0.25 0.07692307692307693 0.21875
0 0.14903846153846154 0.2800480769230769 0.06971153846153846 0.21634615384615385
0 0.7415865384615384 0.2403846153846154 0.0673076923076923 0.21634615384615385
0 0.06370192307692307 0.29086538461538464 0.07211538461538461 0.22596153846153846
0 0.8317307692307693 0.23677884615384615 0.06971153846153846 0.22596153846153846
0 0.24278846153846154 0.28125 0.06971153846153846 0.22115384615384615
0 0.4050480769230769 0.2704326923076923 0.07211538461538461 0.2283653846153846
0 0.9158653846153846 0.234375 0.07211538461538461 0.23317307692307693
0 0.49038461538461536 0.265625 0.0673076923076923 0.22596153846153846
0 0.31971153846153844 0.2776442307692308 0.07451923076923077 0.2283653846153846
0 0.5204326923076923 0.6033653846153846 0.07451923076923077 0.2283653846153846
0 0.3485576923076923 0.6213942307692307 0.06971153846153846 0.22355769230769232
0 0.02283653846153846 0.6454326923076923 0.040865384615384616 0.24759615384615385
0 0.6911057692307693 0.6033653846153846 0.07692307692307693 0.24519230769230768
0 0.4362980769230769 0.6225961538461539 0.08413461538461539 0.25961538461538464
0 0.17548076923076922 0.640625 0.08413461538461539 0.2403846153846154
0 0.09134615384615384 0.6478365384615384 0.07932692307692307 0.24759615384615385
0 0.9471153846153846 0.59375 0.07932692307692307 0.2644230769230769
0 0.7788461538461539 0.6057692307692307 0.08173076923076923 0.25
0 0.8605769230769231 0.6009615384615384 0.08173076923076923 0.25721153846153844
0 0.6081730769230769 0.6286057692307693 0.07692307692307693 0.27403846153846156
0 0.265625 0.6550480769230769 0.08653846153846154 0.27163461538461536
0 0.5324519230769231 0.8713942307692307 0.0673076923076923 0.24278846153846154
0 0.4483173076923077 0.8882211538461539 0.07932692307692307 0.21875
0 0.9615384615384616 0.859375 0.07211538461538461 0.22355769230769232
0 0.7920673076923077 0.8713942307692307 0.06971153846153846 0.21634615384615385
0 0.04567307692307692 0.90625 0.04326923076923077 0.18269230769230768
0 0.10817307692307693 0.90625 0.09134615384615384 0.18269230769230768
0 0.7091346153846154 0.8834134615384616 0.06971153846153846 0.19951923076923078
0 0.2824519230769231 0.9050480769230769 0.07451923076923077 0.18509615384615385
0 0.6201923076923077 0.8918269230769231 0.07451923076923077 0.20192307692307693
0 0.19591346153846154 0.9194711538461539 0.08413461538461539 0.15625
0 0.3641826923076923 0.9170673076923077 0.07451923076923077 0.16105769230769232
0 0.8834134615384616 0.8894230769230769 0.06971153846153846 0.17067307692307693