0 0.9242788461538461 0.7776442307692307 0.07932692307692307 0.2091346153846154
0 0.8293269230769231 0.7704326923076923 0.07692307692307693 0.22355769230769232
0 0.5805288461538461 0.7548076923076923 0.07211538461538461 0.19951923076923078
0 0.16105769230769232 0.7331730769230769 0.07451923076923077 0.2091346153846154
0 0.41346153846153844 0.7451923076923077 0.07692307692307693 0.22115384615384615
0 0.07211538461538461 0.7271634615384616 0.07451923076923077 0.21634615384615385
0 0.015625 0.7247596153846154 0.03125 0.21394230769230768
0 0.328125 0.7367788461538461 0.0673076923076923 0.21875
0 0.2439903846153846 0.7295673076923077 0.07211538461538461 0.21394230769230768
0 0.7463942307692307 0.7560096153846154 0.07932692307692307 0.2283653846153846
0 0.5 0.7415865384615384 0.07211538461538461 0.21153846153846154
0 0.6658653846153846 0.7512019230769231 0.07211538461538461 0.21153846153846154
0 0.5949519230769231 0.41346153846153844 0.06971153846153846 0.19471153846153846
0 0.7608173076923077 0.41225961538461536 0.07932692307692307 0.20432692307692307
0 0.25961538461538464 0.38341346153846156 0.07211538461538461 0.23317307692307693
0 0.6742788461538461 0.4050480769230769 0.06971153846153846 0.2091346153846154
0 0.171875 0.3737980769230769 0.07451923076923077 0.24519230769230768
0 0.02283653846153846 0.3641826923076923 0.038461538461538464 0.2091346153846154
0 0.5120192307692307 0.3870192307692308 0.07932692307692307 0.25721153846153844
0 0.3425480769230769 0.37740384615384615 0.06490384615384616 0.2548076923076923
0 0.9326923076923077 0.4074519230769231 0.07692307692307693 0.24759615384615385
0 0.08774038461538461 0.36177884615384615 0.06971153846153846 0.25961538461538464
0 0.4266826923076923 0.37740384615384615 0.06971153846153846 0.2548076923076923
0 0.8509615384615384 0.390625 0.08173076923076923 0.23798076923076922
0 0.44350961538461536 0.1201923076923077 0.07211538461538461 0.23557692307692307
0 0.5300480769230769 0.12379807692307693 0.07211538461538461 0.24278846153846154
0 0.039663461538461536 0.109375 0.04567307692307692 0.21875
0 0.19831730769230768 0.11057692307692307 0.08413461538461539 0.22115384615384615
0 0.953125 0.1346153846153846 0.07692307692307693 0.22115384615384615
0 0.36778846153846156 0.10697115384615384 0.07692307692307693 0.21394230769230768
0 0.27524038461538464 0.09975961538461539 0.06490384615384616 0.19951923076923078
0 0.10697115384615384 0.09615384615384616 0.07451923076923077 0.19230769230769232
0 0.6237980769230769 0.10697115384615384 0.07211538461538461 0.19471153846153846
0 0.7836538461538461 0.11538461538461539 0.06971153846153846 0.19951923076923078
0 0.8737980769230769 0.1201923076923077 0.07692307692307693 0.19951923076923078
0 0.7019230769230769 0.10697115384615384 0.06971153846153846 0.19230769230769232