0 0.5348557692307693 0.8942307692307693 0.22355769230769232 0.06971153846153846
0 0.5360576923076923 0.9699519230769231 0.21634615384615385 0.055288461538461536
0 0.5480769230769231 0.38341346153846156 0.22115384615384615 0.057692307692307696
0 0.5516826923076923 0.2956730769230769 0.22596153846153846 0.055288461538461536
0 0.546875 0.7247596153846154 0.23557692307692307 0.0625
0 0.5576923076923077 0.12740384615384615 0.24759615384615385 0.07451923076923077
0 0.5516826923076923 0.8088942307692307 0.23798076923076922 0.0625
0 0.5552884615384616 0.640625 0.2644230769230769 0.0673076923076923
0 0.5625 0.21394230769230768 0.24519230769230768 0.06490384615384616
0 0.5588942307692307 0.5540865384615384 0.24519230769230768 0.0625
0 0.5600961538461539 0.47115384615384615 0.25 0.06971153846153846
0 0.5757211538461539 0.03485576923076923 0.2692307692307692 0.0625
0 0.8149038461538461 0.39663461538461536 0.1875 0.057692307692307696
0 0.8473557692307693 0.054086538461538464 0.24519230769230768 0.0625
0 0.8401442307692307 0.47836538461538464 0.28125 0.06009615384615385
0 0.8509615384615384 0.14182692307692307 0.24759615384615385 0.06490384615384616
0 0.8449519230769231 0.6490384615384616 0.23317307692307693 0.06009615384615385
0 0.8461538461538461 0.5625 0.2620192307692308 0.06009615384615385
0 0.8425480769230769 0.9747596153846154 0.2668269230769231 0.04567307692307692
0 0.8545673076923077 0.2247596153846154 0.2620192307692308 0.0625
0 0.8509615384615384 0.9002403846153846 0.2548076923076923 0.0673076923076923
0 0.8521634615384616 0.8149038461538461 0.25 0.06490384615384616
0 0.8701923076923077 0.31009615384615385 0.22355769230769232 0.06009615384615385
0 0.8641826923076923 0.7307692307692307 0.22596153846153846 0.06009615384615385
0 0.2127403846153846 0.9050480769230769 0.1466346153846154 0.057692307692307696
0 0.2247596153846154 0.3918269230769231 0.15144230769230768 0.06009615384615385
0 0.22956730769230768 0.20673076923076922 0.14182692307692307 0.055288461538461536
0 0.23317307692307693 0.046875 0.14182692307692307 0.057692307692307696
0 0.2247596153846154 0.5625 0.16346153846153846 0.055288461538461536
0 0.23076923076923078 0.3016826923076923 0.15625 0.0625
0 0.22596153846153846 0.7295673076923077 0.16105769230769232 0.057692307692307696
0 0.2283653846153846 0.6454326923076923 0.16105769230769232 0.057692307692307696
0 0.22235576923076922 0.9711538461538461 0.16346153846153846 0.040865384615384616
0 0.23197115384615385 0.4735576923076923 0.15144230769230768 0.05048076923076923
0 0.22716346153846154 0.8149038461538461 0.16346153846153846 0.055288461538461536
0 0.2403846153846154 0.13221153846153846 0.16105769230769232 0.06490384615384616