0 0.140625 0.7788461538461539 0.06490384615384616 0.18990384615384615
0 0.8233173076923077 0.7379807692307693 0.0673076923076923 0.19951923076923078
0 0.22716346153846154 0.7680288461538461 0.07211538461538461 0.20192307692307693
0 0.39783653846153844 0.7584134615384616 0.0673076923076923 0.20432692307692307
0 0.7355769230769231 0.7379807692307693 0.06971153846153846 0.19951923076923078
0 0.9735576923076923 0.7223557692307693 0.04807692307692308 0.22355769230769232
0 0.5673076923076923 0.7391826923076923 0.07692307692307693 0.22355769230769232
0 0.484375 0.7439903846153846 0.07451923076923077 0.22355769230769232
0 0.9074519230769231 0.7223557692307693 0.07211538461538461 0.22355769230769232
0 0.31490384615384615 0.7439903846153846 0.07932692307692307 0.2403846153846154
0 0.6526442307692307 0.7199519230769231 0.07211538461538461 0.25
0 0.8137019230769231 0.46153846153846156 0.07211538461538461 0.29086538461538464
0 0.9699519230769231 0.4519230769230769 0.055288461538461536 0.2932692307692308
0 0.9002403846153846 0.45072115384615385 0.07932692307692307 0.2764423076923077
0 0.38461538461538464 0.4723557692307692 0.06971153846153846 0.22596153846153846
0 0.04326923076923077 0.4879807692307692 0.07211538461538461 0.25240384615384615
0 0.1310096153846154 0.47836538461538464 0.07451923076923077 0.25240384615384615
0 0.21153846153846154 0.4735576923076923 0.07211538461538461 0.24278846153846154
0 0.3004807692307692 0.4675480769230769 0.06490384615384616 0.24278846153846154
0 0.7235576923076923 0.44350961538461536 0.06971153846153846 0.2403846153846154
0 0.640625 0.44591346153846156 0.07211538461538461 0.23076923076923078
0 0.4699519230769231 0.4519230769230769 0.07211538461538461 0.21153846153846154
0 0.5552884615384616 0.4375 0.0673076923076923 0.21875
0 0.6117788461538461 0.109375 0.07451923076923077 0.21875
0 0.4411057692307692 0.11177884615384616 0.07932692307692307 0.21634615384615385
0 0.6947115384615384 0.10216346153846154 0.07692307692307693 0.20432692307692307
0 0.5288461538461539 0.10576923076923077 0.08173076923076923 0.21153846153846154
0 0.3545673076923077 0.1141826923076923 0.07451923076923077 0.21153846153846154
0 0.26802884615384615 0.11899038461538461 0.07451923076923077 0.21153846153846154
0 0.09615384615384616 0.12740384615384615 0.08653846153846154 0.21394230769230768
0 0.02403846153846154 0.13341346153846154 0.04807692307692308 0.21394230769230768
0 0.9507211538461539 0.09254807692307693 0.06490384615384616 0.18509615384615385
0 0.8701923076923077 0.09375 0.07211538461538461 0.1875
0 0.7824519230769231 0.09735576923076923 0.06971153846153846 0.19471153846153846
0 0.1814903846153846 0.11298076923076923 0.07692307692307693 0.19230769230769232
0 0.06129807692307692 0.7848557692307693 0.06971153846153846 0.18028846153846154