0 0.6598557692307693 0.9807692307692307 0.0625 0.028846153846153848
0 0.9026442307692307 0.18028846153846154 0.05048076923076923 0.08653846153846154
0 0.9723557692307693 0.18028846153846154 0.036057692307692304 0.0889423076923077
0 0.38822115384615385 0.1935096153846154 0.04807692307692308 0.0889423076923077
0 0.7283653846153846 0.18870192307692307 0.055288461538461536 0.09615384615384616
0 0.30288461538461536 0.20192307692307693 0.052884615384615384 0.09375
0 0.21634615384615385 0.20192307692307693 0.06490384615384616 0.10096153846153846
0 0.8125 0.19230769230769232 0.05048076923076923 0.10336538461538461
0 0.1346153846153846 0.20552884615384615 0.06490384615384616 0.10576923076923077
0 0.5552884615384616 0.203125 0.055288461538461536 0.1201923076923077
0 0.6442307692307693 0.20192307692307693 0.055288461538461536 0.11538461538461539
0 0.47115384615384615 0.2091346153846154 0.06009615384615385 0.1201923076923077
0 0.04927884615384615 0.4338942307692308 0.06490384615384616 0.21153846153846154
0 0.9735576923076923 0.4170673076923077 0.04567307692307692 0.22115384615384615
0 0.5637019230769231 0.43149038461538464 0.0673076923076923 0.22596153846153846
0 0.8173076923076923 0.42908653846153844 0.06971153846153846 0.22115384615384615
0 0.6454326923076923 0.4362980769230769 0.0625 0.21875
0 0.14783653846153846 0.44350961538461536 0.06490384615384616 0.21153846153846154
0 0.9002403846153846 0.43149038461538464 0.0673076923076923 0.21394230769230768
0 0.2247596153846154 0.4423076923076923 0.0625 0.22355769230769232
0 0.4795673076923077 0.43990384615384615 0.0625 0.22596153846153846
0 0.40625 0.44350961538461536 0.06009615384615385 0.21153846153846154
0 0.734375 0.4387019230769231 0.06009615384615385 0.1971153846153846
0 0.31490384615384615 0.4579326923076923 0.0673076923076923 0.20673076923076922
0 0.41586538461538464 0.7788461538461539 0.07211538461538461 0.21875
0 0.3245192307692308 0.7872596153846154 0.0673076923076923 0.21634615384615385
0 0.2403846153846154 0.7932692307692307 0.06490384615384616 0.20192307692307693
0 0.7415865384615384 0.7884615384615384 0.06490384615384616 0.21394230769230768
0 0.49278846153846156 0.7944711538461539 0.07932692307692307 0.2692307692307692
0 0.9831730769230769 0.7980769230769231 0.028846153846153848 0.20673076923076922
0 0.8293269230769231 0.8016826923076923 0.06490384615384616 0.20192307692307693
0 0.5805288461538461 0.8233173076923077 0.06490384615384616 0.21153846153846154