0 0.04807692307692308 0.7283653846153846 0.08413461538461539 0.22115384615384615
0 0.13942307692307693 0.7295673076923077 0.07451923076923077 0.22355769230769232
0 0.39783653846153844 0.7367788461538461 0.0625 0.21634615384615385
0 0.9014423076923077 0.7632211538461539 0.06490384615384616 0.22115384615384615
0 0.6454326923076923 0.7475961538461539 0.06490384615384616 0.22596153846153846
0 0.8137019230769231 0.7560096153846154 0.06971153846153846 0.22596153846153846
0 0.5600961538461539 0.7415865384615384 0.07932692307692307 0.2283653846153846
0 0.47475961538461536 0.7367788461538461 0.07211538461538461 0.2283653846153846
0 0.22716346153846154 0.7211538461538461 0.07692307692307693 0.24278846153846154
0 0.96875 0.7620192307692307 0.04326923076923077 0.23557692307692307
0 0.7295673076923077 0.7463942307692307 0.07211538461538461 0.21634615384615385
0 0.3076923076923077 0.7223557692307693 0.06971153846153846 0.22115384615384615
0 0.4170673076923077 0.39663461538461536 0.07932692307692307 0.19951923076923078
0 0.25 0.38221153846153844 0.07932692307692307 0.21394230769230768
0 0.33653846153846156 0.3798076923076923 0.07211538461538461 0.21634615384615385
0 0.7512019230769231 0.39903846153846156 0.07211538461538461 0.21634615384615385
0 0.078125 0.36177884615384615 0.0673076923076923 0.23798076923076922
0 0.9831730769230769 0.4098557692307692 0.028846153846153848 0.21394230769230768
0 0.5 0.38341346153846156 0.07692307692307693 0.21634615384615385
0 0.8413461538461539 0.39903846153846156 0.07211538461538461 0.25
0 0.6682692307692307 0.3858173076923077 0.07211538461538461 0.24278846153846154
0 0.5865384615384616 0.37740384615384615 0.07451923076923077 0.25721153846153844
0 0.9278846153846154 0.3954326923076923 0.0673076923076923 0.24278846153846154
0 0.16947115384615385 0.34615384615384615 0.08173076923076923 0.23557692307692307
0 0.84375 0.13701923076923078 0.06971153846153846 0.23557692307692307
0 0.5012019230769231 0.11298076923076923 0.06490384615384616 0.22355769230769232
0 0.08052884615384616 0.10216346153846154 0.07451923076923077 0.20432692307692307
0 0.9855769230769231 0.13701923076923078 0.02403846153846154 0.22115384615384615
0 0.6694711538461539 0.11298076923076923 0.07692307692307693 0.20673076923076922
0 0.765625 0.11658653846153846 0.0673076923076923 0.20432692307692307
0 0.25600961538461536 0.0889423076923077 0.06490384615384616 0.1778846153846154
0 0.4230769230769231 0.09134615384615384 0.07211538461538461 0.18269230769230768
0 0.33653846153846156 0.09134615384615384 0.07211538461538461 0.18269230769230768
0 0.59375 0.09975961538461539 0.0673076923076923 0.1875
0 0.9290865384615384 0.1141826923076923 0.0673076923076923 0.18269230769230768
0 0.16706730769230768 0.07932692307692307 0.07451923076923077 0.15865384615384615