0 0.10697115384615384 0.36658653846153844 0.07211538461538461 0.21875
0 0.03365384615384615 0.37740384615384615 0.0673076923076923 0.23076923076923078
0 0.19591346153846154 0.3641826923076923 0.08173076923076923 0.23317307692307693
0 0.7055288461538461 0.3233173076923077 0.07451923076923077 0.23076923076923078
0 0.7896634615384616 0.3173076923076923 0.07451923076923077 0.22115384615384615
0 0.36778846153846156 0.3557692307692308 0.07451923076923077 0.23317307692307693
0 0.5384615384615384 0.3473557692307692 0.08173076923076923 0.24519230769230768
0 0.453125 0.3557692307692308 0.08413461538461539 0.24759615384615385
0 0.8774038461538461 0.32211538461538464 0.07692307692307693 0.23557692307692307
0 0.9555288461538461 0.32091346153846156 0.07451923076923077 0.2283653846153846
0 0.2848557692307692 0.38221153846153844 0.08653846153846154 0.2860576923076923
0 0.6298076923076923 0.3545673076923077 0.08173076923076923 0.27163461538461536
0 0.8185096153846154 0.5973557692307693 0.08173076923076923 0.2980769230769231
0 0.9086538461538461 0.5961538461538461 0.08653846153846154 0.29086538461538464
0 0.9699519230769231 0.5973557692307693 0.055288461538461536 0.29086538461538464
0 0.051682692307692304 0.6790865384615384 0.07211538461538461 0.24278846153846154
0 0.39783653846153844 0.6514423076923077 0.07692307692307693 0.23557692307692307
0 0.22115384615384615 0.6694711538461539 0.06971153846153846 0.23317307692307693
0 0.7379807692307693 0.625 0.07451923076923077 0.25240384615384615
0 0.14182692307692307 0.6778846153846154 0.0889423076923077 0.25721153846153844
0 0.3112980769230769 0.671875 0.07692307692307693 0.2620192307692308
0 0.6538461538461539 0.6430288461538461 0.06971153846153846 0.23798076923076922
0 0.48197115384615385 0.6622596153846154 0.06971153846153846 0.22596153846153846
0 0.5697115384615384 0.65625 0.07692307692307693 0.22355769230769232
0 0.6706730769230769 0.9278846153846154 0.07211538461538461 0.11298076923076923
0 0.5805288461538461 0.9399038461538461 0.07932692307692307 0.10576923076923077
0 0.4074519230769231 0.9471153846153846 0.07932692307692307 0.10096153846153846
0 0.8389423076923077 0.9170673076923077 0.06971153846153846 0.11057692307692307
0 0.4951923076923077 0.9447115384615384 0.08653846153846154 0.10576923076923077
0 0.07692307692307693 0.9627403846153846 0.07692307692307693 0.06971153846153846
0 0.7560096153846154 0.9254807692307693 0.06971153846153846 0.10817307692307693
0 0.32091346153846156 0.953125 0.07932692307692307 0.0889423076923077
0 0.9831730769230769 0.9074519230769231 0.028846153846153848 0.10817307692307693
0 0.23677884615384615 0.9603365384615384 0.07451923076923077 0.07451923076923077
0 0.921875 0.9146634615384616 0.07451923076923077 0.10096153846153846
0 0.1502403846153846 0.9651442307692307 0.07451923076923077 0.06490384615384616