0 0.2920673076923077 0.9423076923076923 0.25721153846153844 0.0625
0 0.2932692307692308 0.5096153846153846 0.2980769230769231 0.057692307692307696
0 0.2980769230769231 0.1814903846153846 0.20673076923076922 0.055288461538461536
0 0.2980769230769231 0.7692307692307693 0.2692307692307692 0.06490384615384616
0 0.3137019230769231 0.0889423076923077 0.21875 0.057692307692307696
0 0.3125 0.42788461538461536 0.25 0.052884615384615384
0 0.3233173076923077 0.34615384615384615 0.2283653846153846 0.052884615384615384
0 0.3329326923076923 0.6826923076923077 0.21875 0.057692307692307696
0 0.3329326923076923 0.2620192307692308 0.21394230769230768 0.052884615384615384
0 0.6742788461538461 0.7572115384615384 0.2283653846153846 0.06490384615384616
0 0.6778846153846154 0.25600961538461536 0.23076923076923078 0.055288461538461536
0 0.6754807692307693 0.671875 0.24519230769230768 0.055288461538461536
0 0.6875 0.16826923076923078 0.23557692307692307 0.057692307692307696
0 0.6862980769230769 0.5024038461538461 0.25721153846153844 0.0625
0 0.6899038461538461 0.34134615384615385 0.2548076923076923 0.057692307692307696
0 0.6923076923076923 0.8449519230769231 0.25961538461538464 0.06490384615384616
0 0.6923076923076923 0.08413461538461539 0.2403846153846154 0.052884615384615384
0 0.6923076923076923 0.4266826923076923 0.2548076923076923 0.055288461538461536
0 0.9206730769230769 0.25841346153846156 0.15384615384615385 0.055288461538461536