0 0.7439903846153846 0.9747596153846154 0.29086538461538464 0.04567307692307692
0 0.7367788461538461 0.3942307692307692 0.23317307692307693 0.057692307692307696
0 0.7355769230769231 0.21875 0.22596153846153846 0.04807692307692308
0 0.7307692307692307 0.9086538461538461 0.23076923076923078 0.057692307692307696
0 0.7283653846153846 0.04447115384615385 0.23557692307692307 0.055288461538461536
0 0.7271634615384616 0.13341346153846154 0.24278846153846154 0.06009615384615385
0 0.7247596153846154 0.30528846153846156 0.24278846153846154 0.052884615384615384
0 0.7235576923076923 0.7319711538461539 0.24519230769230768 0.055288461538461536
0 0.7223557692307693 0.8173076923076923 0.24759615384615385 0.052884615384615384
0 0.7199519230769231 0.6490384615384616 0.22355769230769232 0.057692307692307696
0 0.7163461538461539 0.4795673076923077 0.22115384615384615 0.055288461538461536
0 0.7139423076923077 0.5673076923076923 0.21634615384615385 0.057692307692307696
0 0.3737980769230769 0.9711538461538461 0.21875 0.052884615384615384
0 0.3701923076923077 0.38221153846153844 0.22115384615384615 0.052884615384615384
0 0.36899038461538464 0.8930288461538461 0.22355769230769232 0.06490384615384616
0 0.36778846153846156 0.2932692307692308 0.22596153846153846 0.052884615384615384
0 0.36538461538461536 0.21514423076923078 0.23557692307692307 0.06971153846153846
0 0.36538461538461536 0.8076923076923077 0.23557692307692307 0.057692307692307696
0 0.3641826923076923 0.7223557692307693 0.23317307692307693 0.05048076923076923
0 0.3641826923076923 0.11899038461538461 0.2283653846153846 0.06009615384615385
0 0.359375 0.6394230769230769 0.25721153846153844 0.0625
0 0.3581730769230769 0.46875 0.2403846153846154 0.0673076923076923
0 0.3557692307692308 0.03245192307692308 0.25 0.055288461538461536
0 0.35336538461538464 0.5516826923076923 0.2403846153846154 0.055288461538461536
0 0.11177884615384616 0.46875 0.21875 0.04807692307692308
0 0.1045673076923077 0.039663461538461536 0.18990384615384615 0.04567307692307692
0 0.10096153846153846 0.5540865384615384 0.1971153846153846 0.055288461538461536
0 0.10096153846153846 0.3858173076923077 0.19230769230769232 0.06009615384615385
0 0.10096153846153846 0.2091346153846154 0.1971153846153846 0.052884615384615384
0 0.0985576923076923 0.9711538461538461 0.19230769230769232 0.052884615384615384
0 0.09495192307692307 0.13221153846153846 0.18509615384615385 0.07211538461538461
0 0.09254807692307693 0.8052884615384616 0.17548076923076922 0.052884615384615384
0 0.09134615384615384 0.6430288461538461 0.1778846153846154 0.055288461538461536
0 0.09134615384615384 0.8930288461538461 0.1778846153846154 0.06009615384615385
0 0.08413461538461539 0.7235576923076923 0.16346153846153846 0.0625
0 0.078125 0.30528846153846156 0.15384615384615385 0.06009615384615385