0 0.9495192307692307 0.28125 0.06971153846153846 0.22115384615384615
0 0.8725961538461539 0.2860576923076923 0.06009615384615385 0.23076923076923078
0 0.78125 0.296875 0.06490384615384616 0.23076923076923078
0 0.18870192307692307 0.3173076923076923 0.06009615384615385 0.21153846153846154
0 0.27403846153846156 0.3161057692307692 0.0625 0.22596153846153846
0 0.6117788461538461 0.30649038461538464 0.0625 0.23317307692307693
0 0.4423076923076923 0.32211538461538464 0.06971153846153846 0.24759615384615385
0 0.5276442307692307 0.31850961538461536 0.07451923076923077 0.24278846153846154
0 0.3545673076923077 0.3269230769230769 0.0625 0.24759615384615385
0 0.6947115384615384 0.3161057692307692 0.07451923076923077 0.27403846153846156
0 0.10216346153846154 0.33653846153846156 0.06490384615384616 0.23557692307692307
0 0.027644230769230768 0.3401442307692308 0.055288461538461536 0.23317307692307693
0 0.19471153846153846 0.6069711538461539 0.06490384615384616 0.29086538461538464
0 0.030048076923076924 0.6177884615384616 0.057692307692307696 0.2956730769230769
0 0.1045673076923077 0.6165865384615384 0.07211538461538461 0.2692307692307692
0 0.6213942307692307 0.5997596153846154 0.06490384615384616 0.23798076923076922
0 0.9615384615384616 0.5889423076923077 0.06971153846153846 0.25961538461538464
0 0.27884615384615385 0.6201923076923077 0.06490384615384616 0.25240384615384615
0 0.8737980769230769 0.5997596153846154 0.07692307692307693 0.25721153846153844
0 0.7956730769230769 0.6045673076923077 0.057692307692307696 0.23798076923076922
0 0.7091346153846154 0.6129807692307693 0.06009615384615385 0.24759615384615385
0 0.3641826923076923 0.6298076923076923 0.057692307692307696 0.23317307692307693
0 0.5336538461538461 0.6237980769230769 0.06009615384615385 0.22355769230769232
0 0.45072115384615385 0.6286057692307693 0.0673076923076923 0.21634615384615385
0 0.96875 0.9086538461538461 0.057692307692307696 0.15384615384615385
0 0.38822115384615385 0.9278846153846154 0.06971153846153846 0.13942307692307693
0 0.6430288461538461 0.921875 0.06490384615384616 0.14423076923076922
0 0.5600961538461539 0.9254807692307693 0.08173076923076923 0.14182692307692307
0 0.734375 0.9194711538461539 0.07451923076923077 0.14182692307692307
0 0.21514423076923078 0.9326923076923077 0.06971153846153846 0.12980769230769232
0 0.3016826923076923 0.9326923076923077 0.06490384615384616 0.12980769230769232
0 0.46875 0.9302884615384616 0.07211538461538461 0.1346153846153846
0 0.8149038461538461 0.9194711538461539 0.0673076923076923 0.13701923076923078
0 0.12860576923076922 0.9375 0.07451923076923077 0.1201923076923077
0 0.9002403846153846 0.9182692307692307 0.06971153846153846 0.1346153846153846
0 0.046875 0.9399038461538461 0.06490384615384616 0.11538461538461539