0 0.5096153846153846 0.7716346153846154 0.07211538461538461 0.16105769230769232
0 0.3329326923076923 0.7560096153846154 0.0625 0.15625
0 0.1622596153846154 0.7415865384615384 0.06971153846153846 0.17548076923076922
0 0.6802884615384616 0.7752403846153846 0.06009615384615385 0.18028846153846154
0 0.7632211538461539 0.7764423076923077 0.07451923076923077 0.1971153846153846
0 0.9375 0.7884615384615384 0.07211538461538461 0.19471153846153846
0 0.07211538461538461 0.7259615384615384 0.055288461538461536 0.18509615384615385
0 0.42427884615384615 0.75 0.07451923076923077 0.1875
0 0.014423076923076924 0.71875 0.028846153846153848 0.17307692307692307
0 0.8485576923076923 0.7800480769230769 0.06971153846153846 0.18509615384615385
0 0.24759615384615385 0.7307692307692307 0.06490384615384616 0.18509615384615385
0 0.5961538461538461 0.7283653846153846 0.06971153846153846 0.21875
0 0.4375 0.4951923076923077 0.07211538461538461 0.2956730769230769
0 0.9555288461538461 0.5288461538461539 0.08413461538461539 0.2644230769230769
0 0.5192307692307693 0.49759615384615385 0.07451923076923077 0.23557692307692307
0 0.7752403846153846 0.5120192307692307 0.09134615384615384 0.2548076923076923
0 0.6971153846153846 0.5012019230769231 0.06490384615384616 0.23798076923076922
0 0.6105769230769231 0.4951923076923077 0.07211538461538461 0.2283653846153846
0 0.026442307692307692 0.4495192307692308 0.052884615384615384 0.23557692307692307
0 0.09975961538461539 0.4483173076923077 0.07692307692307693 0.2620192307692308
0 0.26802884615384615 0.4567307692307692 0.08173076923076923 0.25
0 0.8689903846153846 0.4987980769230769 0.06971153846153846 0.2283653846153846
0 0.3557692307692308 0.4579326923076923 0.07211538461538461 0.1971153846153846
0 0.18629807692307693 0.44350961538461536 0.08173076923076923 0.22355769230769232
0 0.8930288461538461 0.15264423076923078 0.07451923076923077 0.23557692307692307
0 0.6274038461538461 0.1310096153846154 0.07451923076923077 0.24278846153846154
0 0.8064903846153846 0.140625 0.08413461538461539 0.2403846153846154
0 0.7151442307692307 0.13221153846153846 0.08173076923076923 0.23557692307692307
0 0.9699519230769231 0.14423076923076922 0.055288461538461536 0.22596153846153846