0 0.20432692307692307 0.203125 0.052884615384615384 0.13221153846153846
0 0.040865384615384616 0.20673076923076922 0.055288461538461536 0.15144230769230768
0 0.46153846153846156 0.22956730769230768 0.055288461538461536 0.16346153846153846
0 0.03365384615384615 0.4375 0.0673076923076923 0.3076923076923077
0 0.9555288461538461 0.4951923076923077 0.07211538461538461 0.2620192307692308
0 0.6141826923076923 0.48197115384615385 0.06490384615384616 0.23317307692307693
0 0.10336538461538461 0.45552884615384615 0.07211538461538461 0.27163461538461536
0 0.8665865384615384 0.5 0.07692307692307693 0.25240384615384615
0 0.7860576923076923 0.4963942307692308 0.06009615384615385 0.23557692307692307
0 0.18990384615384615 0.4675480769230769 0.06971153846153846 0.2644230769230769
0 0.27283653846153844 0.47596153846153844 0.06490384615384616 0.24759615384615385
0 0.6971153846153846 0.5012019230769231 0.06971153846153846 0.24759615384615385
0 0.35697115384615385 0.4831730769230769 0.06971153846153846 0.23317307692307693
0 0.5252403846153846 0.4951923076923077 0.0673076923076923 0.22115384615384615
0 0.44471153846153844 0.5012019230769231 0.06971153846153846 0.22596153846153846
0 0.2608173076923077 0.8269230769230769 0.06490384615384616 0.2283653846153846
0 0.025240384615384616 0.8161057692307693 0.05048076923076923 0.23317307692307693
0 0.6081730769230769 0.8485576923076923 0.0625 0.22596153846153846
0 0.6947115384615384 0.8545673076923077 0.0673076923076923 0.2283653846153846
0 0.09254807692307693 0.828125 0.07451923076923077 0.2283653846153846
0 0.7776442307692307 0.8617788461538461 0.08413461538461539 0.2403846153846154
0 0.18028846153846154 0.8341346153846154 0.0673076923076923 0.24759615384615385
0 0.3473557692307692 0.8497596153846154 0.07211538461538461 0.2644230769230769
0 0.5168269230769231 0.859375 0.08173076923076923 0.2668269230769231
0 0.4338942307692308 0.8533653846153846 0.07211538461538461 0.2620192307692308
0 0.9495192307692307 0.8737980769230769 0.07692307692307693 0.24759615384615385
0 0.859375 0.8713942307692307 0.09375 0.25240384615384615