0 0.4411057692307692 0.31490384615384615 0.08173076923076923 0.21875
0 0.27524038461538464 0.3088942307692308 0.08173076923076923 0.23557692307692307
0 0.7692307692307693 0.359375 0.07451923076923077 0.23076923076923078
0 0.35336538461538464 0.3233173076923077 0.08413461538461539 0.2548076923076923
0 0.03125 0.2956730769230769 0.04807692307692308 0.25961538461538464
0 0.8581730769230769 0.36778846153846156 0.07451923076923077 0.2403846153846154
0 0.09615384615384616 0.30528846153846156 0.08173076923076923 0.25
0 0.9411057692307693 0.38341346153846156 0.07451923076923077 0.2283653846153846
0 0.6814903846153846 0.36177884615384615 0.09375 0.2548076923076923
0 0.5168269230769231 0.3473557692307692 0.08173076923076923 0.2548076923076923
0 0.1778846153846154 0.31850961538461536 0.08413461538461539 0.2620192307692308
0 0.6021634615384616 0.3641826923076923 0.07692307692307693 0.2644230769230769
0 0.5889423076923077 0.49038461538461536 0.10817307692307693 0.5144230769230769
0 0.5 0.5096153846153846 0.10096153846153846 0.4831730769230769
0 0.06370192307692307 0.5877403846153846 0.08413461538461539 0.2403846153846154
0 0.828125 0.65625 0.07692307692307693 0.2692307692307692
0 0.7355769230769231 0.6586538461538461 0.08173076923076923 0.25961538461538464
0 0.6514423076923077 0.6502403846153846 0.0889423076923077 0.25
0 0.9110576923076923 0.6778846153846154 0.07451923076923077 0.25
0 0.140625 0.6129807692307693 0.0673076923076923 0.2283653846153846
0 0.23317307692307693 0.6262019230769231 0.07692307692307693 0.22596153846153846
0 0.39663461538461536 0.6430288461538461 0.07451923076923077 0.23557692307692307
0 0.3173076923076923 0.6358173076923077 0.07692307692307693 0.23076923076923078
0 0.6334134615384616 0.9423076923076923 0.06971153846153846 0.11057692307692307
0 0.3737980769230769 0.9266826923076923 0.07211538461538461 0.12740384615384615
0 0.46033653846153844 0.9375 0.07932692307692307 0.12259615384615384
0 0.11899038461538461 0.9086538461538461 0.07692307692307693 0.1201923076923077
0 0.28966346153846156 0.9242788461538461 0.07211538461538461 0.11778846153846154
0 0.20432692307692307 0.9170673076923077 0.08413461538461539 0.1201923076923077
0 0.03365384615384615 0.9002403846153846 0.0673076923076923 0.12259615384615384
0 0.7211538461538461 0.9507211538461539 0.07692307692307693 0.09375
0 0.5432692307692307 0.9411057692307693 0.09134615384615384 0.11298076923076923
0 0.8894230769230769 0.9591346153846154 0.07211538461538461 0.07692307692307693
0 0.8004807692307693 0.9567307692307693 0.08173076923076923 0.08173076923076923