0 0.7175480769230769 0.021634615384615384 0.18990384615384615 0.04326923076923077
0 0.7199519230769231 0.08052884615384616 0.18269230769230768 0.0625
0 0.7487980769230769 0.4266826923076923 0.18509615384615385 0.0625
0 0.7536057692307693 0.5084134615384616 0.19230769230769232 0.07692307692307693
0 0.7680288461538461 0.6754807692307693 0.20432692307692307 0.08173076923076923
0 0.734375 0.33653846153846156 0.21634615384615385 0.07211538461538461
0 0.47596153846153844 0.10096153846153846 0.29086538461538464 0.08653846153846154
0 0.4699519230769231 0.03365384615384615 0.3004807692307692 0.0673076923076923
0 0.4831730769230769 0.19110576923076922 0.2980769230769231 0.08653846153846154
0 0.5132211538461539 0.6141826923076923 0.24278846153846154 0.07451923076923077
0 0.5288461538461539 0.7872596153846154 0.22115384615384615 0.0673076923076923
0 0.5192307692307693 0.6971153846153846 0.21153846153846154 0.0673076923076923
0 0.5408653846153846 0.953125 0.25240384615384615 0.08173076923076923
0 0.5264423076923077 0.8677884615384616 0.2620192307692308 0.08653846153846154
0 0.4723557692307692 0.2764423076923077 0.25721153846153844 0.07692307692307693
0 0.47836538461538464 0.3581730769230769 0.2283653846153846 0.06971153846153846
0 0.48677884615384615 0.5288461538461539 0.22115384615384615 0.06971153846153846
0 0.47115384615384615 0.44711538461538464 0.22115384615384615 0.07692307692307693
0 0.1201923076923077 0.31490384615384615 0.2403846153846154 0.08173076923076923
0 0.14543269230769232 0.6574519230769231 0.23798076923076922 0.07451923076923077
0 0.10336538461538461 0.06490384615384616 0.20673076923076922 0.07692307692307693
0 0.15264423076923078 0.7475961538461539 0.23076923076923078 0.07211538461538461
0 0.12620192307692307 0.40024038461538464 0.25240384615384615 0.08413461538461539
0 0.10697115384615384 0.14783653846153846 0.21394230769230768 0.08413461538461539
0 0.11177884615384616 0.23317307692307693 0.22355769230769232 0.07692307692307693
0 0.13221153846153846 0.5709134615384616 0.2548076923076923 0.09375
0 0.15504807692307693 0.8269230769230769 0.2548076923076923 0.09375
0 0.17067307692307693 0.9735576923076923 0.25961538461538464 0.04807692307692308
0 0.12620192307692307 0.484375 0.25240384615384615 0.09375
0 0.15745192307692307 0.9146634615384616 0.24519230769230768 0.08653846153846154
0 0.8100961538461539 0.8545673076923077 0.14903846153846154 0.05048076923076923
0 0.8161057692307693 0.9314903846153846 0.15144230769230768 0.0625
0 0.7980769230769231 0.7584134615384616 0.16826923076923078 0.08173076923076923
0 0.7776442307692307 0.5901442307692307 0.16346153846153846 0.06490384615384616
0 0.7475961538461539 0.25 0.17067307692307693 0.06971153846153846
0 0.7403846153846154 0.16826923076923078 0.16346153846153846 0.0625