0 0.8978365384615384 0.36899038461538464 0.0673076923076923 0.22115384615384615
0 0.3798076923076923 0.3894230769230769 0.057692307692307696 0.22115384615384615
0 0.9711538461538461 0.3713942307692308 0.052884615384615384 0.21634615384615385
0 0.21514423076923078 0.39903846153846156 0.07932692307692307 0.23798076923076922
0 0.3004807692307692 0.39783653846153844 0.0625 0.22596153846153846
0 0.8064903846153846 0.38221153846153844 0.06490384615384616 0.23076923076923078
0 0.7247596153846154 0.3858173076923077 0.06009615384615385 0.2283653846153846
0 0.13341346153846154 0.40865384615384615 0.08413461538461539 0.2403846153846154
0 0.6394230769230769 0.3918269230769231 0.06971153846153846 0.25721153846153844
0 0.03245192307692308 0.41466346153846156 0.06009615384615385 0.2403846153846154
0 0.46875 0.4014423076923077 0.0625 0.2403846153846154
0 0.5492788461538461 0.4026442307692308 0.0673076923076923 0.25240384615384615
0 0.052884615384615384 0.6875 0.06971153846153846 0.25
0 0.4807692307692308 0.6754807692307693 0.06971153846153846 0.28365384615384615
0 0.13942307692307693 0.6911057692307693 0.06971153846153846 0.25240384615384615
0 0.39783653846153844 0.6850961538461539 0.0673076923076923 0.2548076923076923
0 0.2247596153846154 0.6911057692307693 0.07211538461538461 0.27884615384615385
0 0.5649038461538461 0.6814903846153846 0.06971153846153846 0.25961538461538464
0 0.6514423076923077 0.6814903846153846 0.0673076923076923 0.23557692307692307
0 0.9747596153846154 0.6742788461538461 0.04567307692307692 0.28125
0 0.8137019230769231 0.6814903846153846 0.06490384615384616 0.24278846153846154
0 0.9086538461538461 0.6826923076923077 0.0673076923076923 0.25240384615384615
0 0.31490384615384615 0.7115384615384616 0.06490384615384616 0.22596153846153846
0 0.7355769230769231 0.6995192307692307 0.06009615384615385 0.21634615384615385
0 0.5024038461538461 0.9627403846153846 0.0673076923076923 0.07211538461538461
0 0.3317307692307692 0.9639423076923077 0.07211538461538461 0.0673076923076923
0 0.41346153846153844 0.9651442307692307 0.0625 0.06490384615384616
0 0.2512019230769231 0.9711538461538461 0.06490384615384616 0.052884615384615384
0 0.8401442307692307 0.9555288461538461 0.06009615384615385 0.0625
0 0.75 0.9615384615384616 0.06490384615384616 0.057692307692307696
0 0.6658653846153846 0.9651442307692307 0.06009615384615385 0.055288461538461536