0 0.6514423076923077 0.016826923076923076 0.0625 0.028846153846153848
0 0.9086538461538461 0.8125 0.04807692307692308 0.08653846153846154
0 0.9783653846153846 0.8112980769230769 0.03365384615384615 0.0889423076923077
0 0.39302884615384615 0.8088942307692307 0.04567307692307692 0.0889423076923077
0 0.7331730769230769 0.8076923076923077 0.052884615384615384 0.09615384615384616
0 0.3076923076923077 0.8016826923076923 0.04807692307692308 0.09375
0 0.22115384615384615 0.8028846153846154 0.0625 0.10096153846153846
0 0.8173076923076923 0.8016826923076923 0.04807692307692308 0.10336538461538461
0 0.13942307692307693 0.8004807692307693 0.0625 0.10576923076923077
0 0.5600961538461539 0.7956730769230769 0.052884615384615384 0.1201923076923077
0 0.6490384615384616 0.7956730769230769 0.052884615384615384 0.11538461538461539
0 0.47596153846153844 0.7908653846153846 0.057692307692307696 0.1201923076923077
0 0.05048076923076923 0.5745192307692307 0.057692307692307696 0.21153846153846154
0 0.9747596153846154 0.5745192307692307 0.040865384615384616 0.22115384615384615
0 0.5649038461538461 0.5673076923076923 0.0625 0.22596153846153846
0 0.8185096153846154 0.5649038461538461 0.06490384615384616 0.22115384615384615
0 0.6466346153846154 0.5612980769230769 0.057692307692307696 0.21875
0 0.14903846153846154 0.5625 0.057692307692307696 0.21153846153846154
0 0.9014423076923077 0.5612980769230769 0.0625 0.21394230769230768
0 0.22596153846153846 0.5625 0.057692307692307696 0.22115384615384615
0 0.4807692307692308 0.5600961538461539 0.057692307692307696 0.22596153846153846
0 0.4074519230769231 0.5576923076923077 0.055288461538461536 0.21153846153846154
0 0.7355769230769231 0.5576923076923077 0.057692307692307696 0.1971153846153846
0 0.3161057692307692 0.5456730769230769 0.06490384615384616 0.20673076923076922
0 0.4110576923076923 0.22235576923076922 0.0673076923076923 0.21875
0 0.31971153846153844 0.21634615384615385 0.0625 0.21634615384615385
0 0.23557692307692307 0.21153846153846154 0.0625 0.20192307692307693
0 0.7367788461538461 0.20793269230769232 0.06009615384615385 0.21394230769230768
0 0.4879807692307692 0.20552884615384615 0.07211538461538461 0.2668269230769231
0 0.9807692307692307 0.1935096153846154 0.028846153846153848 0.20432692307692307
0 0.8245192307692307 0.19230769230769232 0.0625 0.20192307692307693
0 0.5745192307692307 0.17548076923076922 0.057692307692307696 0.21153846153846154