0 0.5877403846153846 0.2824519230769231 0.07692307692307693 0.21634615384615385
0 0.7512019230769231 0.3004807692307692 0.07451923076923077 0.22596153846153846
0 0.9266826923076923 0.3088942307692308 0.07932692307692307 0.2403846153846154
0 0.9855769230769231 0.3173076923076923 0.02403846153846154 0.25
0 0.1658653846153846 0.27283653846153844 0.07451923076923077 0.23798076923076922
0 0.2536057692307692 0.27884615384615385 0.06971153846153846 0.22596153846153846
0 0.6694711538461539 0.30288461538461536 0.07451923076923077 0.24519230769230768
0 0.5036057692307693 0.2956730769230769 0.06971153846153846 0.24759615384615385
0 0.3329326923076923 0.28966346153846156 0.07451923076923077 0.25
0 0.07932692307692307 0.2764423076923077 0.07211538461538461 0.23076923076923078
0 0.4206730769230769 0.2980769230769231 0.07692307692307693 0.25240384615384615
0 0.8401442307692307 0.3245192307692308 0.07451923076923077 0.2692307692307692
0 0.9795673076923077 0.5961538461538461 0.038461538461538464 0.23798076923076922
0 0.40865384615384615 0.5673076923076923 0.07211538461538461 0.2620192307692308
0 0.9194711538461539 0.5949519230769231 0.07932692307692307 0.27403846153846156
0 0.49399038461538464 0.5745192307692307 0.0673076923076923 0.2860576923076923
0 0.15625 0.5625 0.06971153846153846 0.28365384615384615
0 0.24278846153846154 0.5757211538461539 0.07211538461538461 0.25721153846153844
0 0.33052884615384615 0.5805288461538461 0.07692307692307693 0.24278846153846154
0 0.07211538461538461 0.5709134615384616 0.06971153846153846 0.23798076923076922
0 0.5793269230769231 0.6069711538461539 0.07211538461538461 0.23557692307692307
0 0.7463942307692307 0.6201923076923077 0.07932692307692307 0.22115384615384615
0 0.8401442307692307 0.625 0.06490384615384616 0.22596153846153846
0 0.6634615384615384 0.6201923076923077 0.07211538461538461 0.22596153846153846
0 0.47475961538461536 0.9122596153846154 0.07451923076923077 0.17067307692307693
0 0.3942307692307692 0.9134615384615384 0.0889423076923077 0.16346153846153846
0 0.6550480769230769 0.9242788461538461 0.07932692307692307 0.1466346153846154
0 0.9074519230769231 0.9290865384615384 0.07932692307692307 0.13701923076923078
0 0.13942307692307693 0.9038461538461539 0.07932692307692307 0.15384615384615385
0 0.30649038461538464 0.9134615384615384 0.0673076923076923 0.15144230769230768
0 0.22115384615384615 0.9086538461538461 0.07451923076923077 0.15144230769230768
0 0.051682692307692304 0.9002403846153846 0.07692307692307693 0.15144230769230768
0 0.7391826923076923 0.9290865384615384 0.0889423076923077 0.13701923076923078
0 0.8221153846153846 0.9302884615384616 0.07211538461538461 0.1346153846153846
0 0.5649038461538461 0.9375 0.07692307692307693 0.1201923076923077