0 0.43028846153846156 0.7139423076923077 0.06971153846153846 0.2644230769230769
0 0.5144230769230769 0.7115384615384616 0.06971153846153846 0.27403846153846156
0 0.027644230769230768 0.6838942307692307 0.055288461538461536 0.2668269230769231
0 0.9507211538461539 0.7295673076923077 0.07451923076923077 0.24519230769230768
0 0.6838942307692307 0.7115384615384616 0.07211538461538461 0.25721153846153844
0 0.5985576923076923 0.7079326923076923 0.0673076923076923 0.24278846153846154
0 0.2620192307692308 0.6899038461538461 0.0673076923076923 0.24759615384615385
0 0.09615384615384616 0.6802884615384616 0.08173076923076923 0.2692307692307692
0 0.7692307692307693 0.7151442307692307 0.07932692307692307 0.27403846153846156
0 0.3485576923076923 0.6766826923076923 0.06971153846153846 0.21634615384615385
0 0.8641826923076923 0.703125 0.0673076923076923 0.22115384615384615
0 0.17908653846153846 0.6646634615384616 0.0673076923076923 0.22596153846153846
0 0.7944711538461539 0.34375 0.06971153846153846 0.22596153846153846
0 0.8774038461538461 0.3401442307692308 0.09134615384615384 0.24759615384615385
0 0.9651442307692307 0.3425480769230769 0.06490384615384616 0.24278846153846154
0 0.7055288461538461 0.3173076923076923 0.07451923076923077 0.28846153846153844
0 0.6165865384615384 0.31009615384615385 0.07451923076923077 0.2932692307692308