0 0.4483173076923077 0.7055288461538461 0.21875 0.07692307692307693
0 0.40625 0.10697115384615384 0.22355769230769232 0.07692307692307693
0 0.46274038461538464 0.8762019230769231 0.2403846153846154 0.07692307692307693
0 0.40384615384615385 0.03485576923076923 0.21634615384615385 0.0673076923076923
0 0.4230769230769231 0.2800480769230769 0.23317307692307693 0.07692307692307693
0 0.45913461538461536 0.7896634615384616 0.23317307692307693 0.08413461538461539
0 0.4170673076923077 0.19591346153846154 0.23317307692307693 0.07692307692307693
0 0.4723557692307692 0.9603365384615384 0.24759615384615385 0.07451923076923077
0 0.4495192307692308 0.6201923076923077 0.22355769230769232 0.07451923076923077
0 0.43509615384615385 0.3605769230769231 0.25 0.07932692307692307
0 0.44350961538461536 0.4411057692307692 0.24519230769230768 0.07451923076923077
0 0.46153846153846156 0.5360576923076923 0.23798076923076922 0.07451923076923077
0 0.7487980769230769 0.9338942307692307 0.25240384615384615 0.08173076923076923
0 0.7259615384615384 0.5096153846153846 0.27884615384615385 0.07932692307692307
0 0.7247596153846154 0.4254807692307692 0.2548076923076923 0.07692307692307693
0 0.75 0.7644230769230769 0.27403846153846156 0.08173076923076923
0 0.7560096153846154 0.8449519230769231 0.2283653846153846 0.07692307692307693
0 0.7415865384615384 0.5913461538461539 0.25 0.07451923076923077
0 0.7055288461538461 0.018028846153846152 0.2668269230769231 0.036057692307692304
0 0.7295673076923077 0.33774038461538464 0.23557692307692307 0.07692307692307693
0 0.7199519230769231 0.171875 0.23798076923076922 0.07451923076923077
0 0.7163461538461539 0.08653846153846154 0.23076923076923078 0.07451923076923077
0 0.7680288461538461 0.6778846153846154 0.22115384615384615 0.07451923076923077
0 0.7391826923076923 0.25600961538461536 0.22596153846153846 0.06971153846153846
0 0.9891826923076923 0.6502403846153846 0.016826923076923076 0.07451923076923077