0 0.41225961538461536 0.5841346153846154 0.07932692307692307 0.27163461538461536
0 0.4963942307692308 0.5793269230769231 0.07692307692307693 0.2764423076923077
0 0.15865384615384615 0.5961538461538461 0.07692307692307693 0.28846153846153844
0 0.9831730769230769 0.5492788461538461 0.028846153846153848 0.24759615384615385
0 0.9302884615384616 0.5456730769230769 0.06971153846153846 0.2548076923076923
0 0.3317307692307692 0.5649038461538461 0.08173076923076923 0.25
0 0.24639423076923078 0.5685096153846154 0.07211538461538461 0.25721153846153844
0 0.0733173076923077 0.5733173076923077 0.07451923076923077 0.25240384615384615
0 0.8425480769230769 0.53125 0.0625 0.22596153846153846
0 0.5829326923076923 0.5420673076923077 0.0673076923076923 0.2403846153846154
0 0.7487980769230769 0.53125 0.0673076923076923 0.22596153846153846
0 0.6646634615384616 0.5348557692307693 0.07692307692307693 0.22355769230769232
0 0.47716346153846156 0.19471153846153846 0.07451923076923077 0.25
0 0.96875 0.16706730769230768 0.038461538461538464 0.2548076923076923
0 0.6514423076923077 0.18269230769230768 0.06490384615384616 0.23076923076923078
0 0.9110576923076923 0.16466346153846154 0.07451923076923077 0.2548076923076923
0 0.8233173076923077 0.1658653846153846 0.08413461538461539 0.25721153846153844
0 0.5612980769230769 0.1778846153846154 0.07932692307692307 0.27403846153846156
0 0.21634615384615385 0.19471153846153846 0.07692307692307693 0.25721153846153844
0 0.04447115384615385 0.20072115384615385 0.07451923076923077 0.2668269230769231
0 0.1310096153846154 0.19591346153846154 0.07932692307692307 0.25961538461538464
0 0.7319711538461539 0.15264423076923078 0.08173076923076923 0.2764423076923077
0 0.30408653846153844 0.17427884615384615 0.06971153846153846 0.28846153846153844
0 0.3894230769230769 0.16346153846153846 0.08173076923076923 0.31009615384615385
0 0.5865384615384616 0.8064903846153846 0.06490384615384616 0.0889423076923077
0 0.7536057692307693 0.7920673076923077 0.0673076923076923 0.0985576923076923
0 0.24879807692307693 0.8173076923076923 0.06490384615384616 0.10576923076923077
0 0.07451923076923077 0.8197115384615384 0.06490384615384616 0.11057692307692307
0 0.16346153846153846 0.8125 0.052884615384615384 0.1201923076923077
0 0.6682692307692307 0.7848557692307693 0.06490384615384616 0.11778846153846154
0 0.984375 0.7680288461538461 0.026442307692307692 0.12259615384615384
0 0.8365384615384616 0.7752403846153846 0.06971153846153846 0.125
0 0.33413461538461536 0.8004807692307693 0.07692307692307693 0.12740384615384615
0 0.4182692307692308 0.7956730769230769 0.0673076923076923 0.13221153846153846
0 0.9230769230769231 0.7680288461538461 0.07451923076923077 0.12980769230769232
0 0.5060096153846154 0.7884615384615384 0.06971153846153846 0.12740384615384615