0 0.9435096153846154 0.22596153846153846 0.0625 0.1875
0 0.515625 0.24278846153846154 0.052884615384615384 0.18990384615384615
0 0.4326923076923077 0.24759615384615385 0.052884615384615384 0.18509615384615385
0 0.34134615384615385 0.2512019230769231 0.052884615384615384 0.1875
0 0.9423076923076923 0.46634615384615385 0.06490384615384616 0.24519230769230768
0 0.7752403846153846 0.4795673076923077 0.06971153846153846 0.27403846153846156
0 0.5168269230769231 0.49038461538461536 0.0673076923076923 0.28125
0 0.8569711538461539 0.4831730769230769 0.0625 0.23798076923076922
0 0.6021634615384616 0.49399038461538464 0.0625 0.23798076923076922
0 0.4375 0.5012019230769231 0.0625 0.24519230769230768
0 0.09735576923076923 0.5132211538461539 0.0625 0.23557692307692307
0 0.18269230769230768 0.5120192307692307 0.0673076923076923 0.25
0 0.026442307692307692 0.5216346153846154 0.052884615384615384 0.2644230769230769
0 0.35096153846153844 0.5108173076923077 0.06490384615384616 0.23076923076923078
0 0.26802884615384615 0.5228365384615384 0.06009615384615385 0.21394230769230768
0 0.6875 0.5096153846153846 0.06009615384615385 0.22115384615384615
0 0.6057692307692307 0.8473557692307693 0.06971153846153846 0.21875
0 0.7764423076923077 0.8497596153846154 0.0673076923076923 0.23076923076923078
0 0.27163461538461536 0.8737980769230769 0.0625 0.23317307692307693
0 0.6899038461538461 0.8617788461538461 0.0673076923076923 0.2548076923076923
0 0.5264423076923077 0.8689903846153846 0.06971153846153846 0.25721153846153844
0 0.1875 0.8762019230769231 0.07211538461538461 0.24278846153846154
0 0.3605769230769231 0.8737980769230769 0.07692307692307693 0.24759615384615385
0 0.8605769230769231 0.8605769230769231 0.07932692307692307 0.25240384615384615
0 0.43990384615384615 0.875 0.07211538461538461 0.24519230769230768
0 0.9471153846153846 0.8605769230769231 0.07451923076923077 0.24519230769230768
0 0.03485576923076923 0.8870192307692307 0.04567307692307692 0.22115384615384615
0 0.1045673076923077 0.8846153846153846 0.06490384615384616 0.22596153846153846
0 0.08173076923076923 0.23798076923076922 0.0625 0.15625
0 0.015625 0.24278846153846154 0.03125 0.15865384615384615
0 0.5973557692307693 0.2247596153846154 0.05048076923076923 0.16105769230769232
0 0.6862980769230769 0.22235576923076922 0.055288461538461536 0.15865384615384615
0 0.25841346153846156 0.24278846153846154 0.05048076923076923 0.16346153846153846
0 0.7704326923076923 0.2247596153846154 0.06009615384615385 0.17307692307692307
0 0.17427884615384615 0.24639423076923078 0.052884615384615384 0.17548076923076922
0 0.8617788461538461 0.2247596153846154 0.05048076923076923 0.17067307692307693