0 0.9555288461538461 0.27283653846153844 0.06490384615384616 0.21875
0 0.8774038461538461 0.27524038461538464 0.052884615384615384 0.22355769230769232
0 0.7884615384615384 0.27884615384615385 0.057692307692307696 0.22596153846153846
0 0.19471153846153846 0.2824519230769231 0.052884615384615384 0.2091346153846154
0 0.6189903846153846 0.28365384615384615 0.055288461538461536 0.22596153846153846
0 0.28125 0.2848557692307692 0.057692307692307696 0.22355769230769232
0 0.44591346153846156 0.2956730769230769 0.06009615384615385 0.2403846153846154
0 0.5324519230769231 0.29927884615384615 0.06490384615384616 0.24278846153846154
0 0.10697115384615384 0.3004807692307692 0.055288461538461536 0.23076923076923078
0 0.028846153846153848 0.30408653846153844 0.057692307692307696 0.21875
0 0.359375 0.30649038461538464 0.055288461538461536 0.2668269230769231
0 0.7007211538461539 0.30649038461538464 0.06009615384615385 0.28125
0 0.1045673076923077 0.5661057692307693 0.06490384615384616 0.2620192307692308
0 0.9555288461538461 0.5673076923076923 0.06009615384615385 0.2644230769230769
0 0.19230769230769232 0.5697115384615384 0.057692307692307696 0.30288461538461536
0 0.028846153846153848 0.5745192307692307 0.052884615384615384 0.2932692307692308
0 0.6129807692307693 0.5829326923076923 0.057692307692307696 0.25240384615384615
0 0.8701923076923077 0.5865384615384616 0.0673076923076923 0.25
0 0.2764423076923077 0.5913461538461539 0.052884615384615384 0.24519230769230768
0 0.7920673076923077 0.5913461538461539 0.055288461538461536 0.23557692307692307
0 0.703125 0.5925480769230769 0.05048076923076923 0.24759615384615385
0 0.359375 0.5985576923076923 0.05048076923076923 0.22596153846153846
0 0.5300480769230769 0.6021634615384616 0.05048076923076923 0.22355769230769232
0 0.44591346153846156 0.6033653846153846 0.055288461538461536 0.21634615384615385
0 0.36899038461538464 0.9134615384615384 0.06009615384615385 0.16826923076923078
0 0.6274038461538461 0.9134615384615384 0.0625 0.16826923076923078
0 0.8798076923076923 0.9146634615384616 0.08173076923076923 0.1658653846153846
0 0.2824519230769231 0.9158653846153846 0.06009615384615385 0.16346153846153846
0 0.03125 0.9158653846153846 0.0625 0.15865384615384615
0 0.5444711538461539 0.9146634615384616 0.07451923076923077 0.1658653846153846
0 0.7175480769230769 0.9146634615384616 0.06971153846153846 0.1658653846153846
0 0.8028846153846154 0.9146634615384616 0.07692307692307693 0.1658653846153846
0 0.20192307692307693 0.9146634615384616 0.0673076923076923 0.1658653846153846
0 0.9747596153846154 0.9182692307692307 0.04567307692307692 0.16346153846153846
0 0.4543269230769231 0.9182692307692307 0.07211538461538461 0.15865384615384615
0 0.11538461538461539 0.9194711538461539 0.0673076923076923 0.15625