0 0.6923076923076923 0.10336538461538461 0.21394230769230768 0.0673076923076923
0 0.6694711538461539 0.6213942307692307 0.2283653846153846 0.06009615384615385
0 0.6658653846153846 0.7055288461538461 0.22355769230769232 0.06490384615384616
0 0.6766826923076923 0.2776442307692308 0.2283653846153846 0.06009615384615385
0 0.6586538461538461 0.7860576923076923 0.23798076923076922 0.07692307692307693
0 0.6838942307692307 0.03125 0.21634615384615385 0.052884615384615384
0 0.6766826923076923 0.19230769230769232 0.23798076923076922 0.0625
0 0.6646634615384616 0.3581730769230769 0.25961538461538464 0.06971153846153846
0 0.6466346153846154 0.8713942307692307 0.24519230769230768 0.07451923076923077
0 0.6442307692307693 0.9663461538461539 0.25 0.0625
0 0.6574519230769231 0.53125 0.23798076923076922 0.07211538461538461
0 0.6586538461538461 0.45072115384615385 0.25240384615384615 0.0673076923076923
0 0.3713942307692308 0.9423076923076923 0.24278846153846154 0.06490384615384616
0 0.38341346153846156 0.5168269230769231 0.2860576923076923 0.06971153846153846
0 0.36899038461538464 0.7752403846153846 0.2692307692307692 0.06971153846153846
0 0.359375 0.8617788461538461 0.24759615384615385 0.06490384615384616
0 0.36778846153846156 0.5985576923076923 0.2548076923076923 0.0673076923076923
0 0.3713942307692308 0.4362980769230769 0.25 0.06490384615384616
0 0.3798076923076923 0.09134615384615384 0.24278846153846154 0.06490384615384616
0 0.3798076923076923 0.025240384615384616 0.27403846153846156 0.05048076923076923
0 0.36778846153846156 0.34975961538461536 0.23798076923076922 0.0673076923076923
0 0.37259615384615385 0.18629807692307693 0.24519230769230768 0.06971153846153846
0 0.3641826923076923 0.26322115384615385 0.2283653846153846 0.0673076923076923
0 0.3473557692307692 0.6850961538461539 0.21875 0.06490384615384616
0 0.06490384615384616 0.6658653846153846 0.12980769230769232 0.07211538461538461
0 0.07091346153846154 0.33533653846153844 0.12740384615384615 0.07211538461538461
0 0.06490384615384616 0.5 0.12740384615384615 0.06490384615384616
0 0.07211538461538461 0.24879807692307693 0.1201923076923077 0.0673076923076923
0 0.06370192307692307 0.5865384615384616 0.12740384615384615 0.07211538461538461
0 0.05889423076923077 0.8377403846153846 0.11778846153846154 0.07932692307692307
0 0.06610576923076923 0.41466346153846156 0.125 0.07211538461538461
0 0.055288461538461536 0.9278846153846154 0.11057692307692307 0.08653846153846154
0 0.07451923076923077 0.16346153846153846 0.12259615384615384 0.06971153846153846
0 0.055288461538461536 0.7524038461538461 0.11057692307692307 0.0625
0 0.07692307692307693 0.018028846153846152 0.1201923076923077 0.036057692307692304
0 0.06971153846153846 0.07692307692307693 0.10817307692307693 0.06009615384615385