0 0.7451923076923077 0.3245192307692308 0.1875 0.07932692307692307
0 0.7956730769230769 0.9158653846153846 0.1778846153846154 0.057692307692307696
0 0.7127403846153846 0.010817307692307692 0.19471153846153846 0.021634615384615384
0 0.7560096153846154 0.4879807692307692 0.19951923076923078 0.07692307692307693
0 0.71875 0.06971153846153846 0.19471153846153846 0.08173076923076923
0 0.7692307692307693 0.6586538461538461 0.20192307692307693 0.07692307692307693
0 0.7259615384615384 0.15384615384615385 0.20192307692307693 0.07692307692307693
0 0.7836538461538461 0.8245192307692307 0.1875 0.06971153846153846
0 0.7584134615384616 0.5721153846153846 0.20673076923076922 0.0625
0 0.5204326923076923 0.5889423076923077 0.2668269230769231 0.08173076923076923
0 0.4675480769230769 0.018028846153846152 0.23317307692307693 0.036057692307692304
0 0.5396634615384616 0.8449519230769231 0.2932692307692308 0.0889423076923077
0 0.5084134615384616 0.5024038461538461 0.29086538461538464 0.07932692307692307
0 0.4723557692307692 0.0829326923076923 0.24278846153846154 0.08413461538461539
0 0.515625 0.7572115384615384 0.25961538461538464 0.07932692307692307
0 0.5060096153846154 0.6706730769230769 0.25240384615384615 0.08413461538461539
0 0.5192307692307693 0.9290865384615384 0.25721153846153844 0.08173076923076923
0 0.4579326923076923 0.25600961538461536 0.24278846153846154 0.08173076923076923
0 0.47115384615384615 0.41947115384615385 0.23557692307692307 0.07451923076923077
0 0.44591346153846156 0.16706730769230768 0.2283653846153846 0.08173076923076923
0 0.45552884615384615 0.3389423076923077 0.22355769230769232 0.07932692307692307
0 0.13822115384615385 0.5360576923076923 0.23317307692307693 0.08173076923076923
0 0.12379807692307693 0.453125 0.24759615384615385 0.08413461538461539
0 0.11658653846153846 0.36778846153846156 0.23317307692307693 0.08173076923076923
0 0.109375 0.20072115384615385 0.21875 0.0985576923076923
0 0.13942307692307693 0.7067307692307693 0.24519230769230768 0.08173076923076923
0 0.13221153846153846 0.6213942307692307 0.24519230769230768 0.0889423076923077
0 0.10576923076923077 0.10697115384615384 0.21153846153846154 0.08413461538461539
0 0.10336538461538461 0.05048076923076923 0.20673076923076922 0.04807692307692308
0 0.1466346153846154 0.7980769230769231 0.2403846153846154 0.08413461538461539
0 0.15985576923076922 0.9627403846153846 0.24278846153846154 0.06971153846153846
0 0.15264423076923078 0.8810096153846154 0.23557692307692307 0.08413461538461539
0 0.10576923076923077 0.28365384615384615 0.21153846153846154 0.09134615384615384
0 0.7680288461538461 0.40384615384615385 0.16105769230769232 0.07692307692307693
0 0.7908653846153846 0.7427884615384616 0.17307692307692307 0.07211538461538461
0 0.7451923076923077 0.23677884615384615 0.1658653846153846 0.0625