0 0.27884615384615385 0.8942307692307693 0.21394230769230768 0.06971153846153846
0 0.2980769230769231 0.37740384615384615 0.22115384615384615 0.06009615384615385
0 0.2800480769230769 0.96875 0.22115384615384615 0.05048076923076923
0 0.30649038461538464 0.296875 0.22596153846153846 0.0625
0 0.28846153846153844 0.8064903846153846 0.23557692307692307 0.0625
0 0.3125 0.21153846153846154 0.2283653846153846 0.06971153846153846
0 0.2956730769230769 0.7211538461538461 0.2403846153846154 0.06009615384615385
0 0.31850961538461536 0.12620192307692307 0.2668269230769231 0.07211538461538461
0 0.32211538461538464 0.03365384615384615 0.25961538461538464 0.0673076923076923
0 0.30288461538461536 0.6382211538461539 0.25721153846153844 0.06490384615384616
0 0.3088942307692308 0.46875 0.24759615384615385 0.0673076923076923
0 0.3112980769230769 0.5504807692307693 0.23076923076923078 0.0625
0 0.5961538461538461 0.052884615384615384 0.24519230769230768 0.07451923076923077
0 0.5829326923076923 0.484375 0.28365384615384615 0.07451923076923077
0 0.6009615384615384 0.2283653846153846 0.27163461538461536 0.06971153846153846
0 0.6045673076923077 0.13822115384615385 0.25721153846153844 0.0673076923076923
0 0.5961538461538461 0.40024038461538464 0.2548076923076923 0.0673076923076923
0 0.5925480769230769 0.5661057692307693 0.25961538461538464 0.0673076923076923
0 0.5853365384615384 0.9771634615384616 0.27163461538461536 0.040865384615384616
0 0.5901442307692307 0.8149038461538461 0.24759615384615385 0.06971153846153846
0 0.5973557692307693 0.6514423076923077 0.23557692307692307 0.057692307692307696
0 0.5925480769230769 0.90625 0.2403846153846154 0.0625
0 0.6081730769230769 0.734375 0.21634615384615385 0.06009615384615385
0 0.6225961538461539 0.31490384615384615 0.22115384615384615 0.0673076923076923
0 0.9086538461538461 0.6646634615384616 0.16826923076923078 0.07451923076923077
0 0.9170673076923077 0.41947115384615385 0.16105769230769232 0.07451923076923077
0 0.9182692307692307 0.3329326923076923 0.15865384615384615 0.06971153846153846
0 0.9182692307692307 0.5 0.16105769230769232 0.07692307692307693
0 0.921875 0.24879807692307693 0.15144230769230768 0.07451923076923077
0 0.9230769230769231 0.1658653846153846 0.14903846153846154 0.08173076923076923
0 0.9074519230769231 0.8353365384615384 0.15865384615384615 0.06490384615384616
0 0.9266826923076923 0.07692307692307693 0.14182692307692307 0.08653846153846154
0 0.9146634615384616 0.75 0.15144230769230768 0.0673076923076923
0 0.9206730769230769 0.5817307692307693 0.15144230769230768 0.0673076923076923
0 0.9122596153846154 0.9206730769230769 0.14423076923076922 0.0625
0 0.9122596153846154 0.9819711538461539 0.1466346153846154 0.03125