0 0.6778846153846154 0.9026442307692307 0.21153846153846154 0.06009615384615385
0 0.6730769230769231 0.38461538461538464 0.22596153846153846 0.052884615384615384
0 0.6730769230769231 0.3004807692307692 0.22115384615384615 0.057692307692307696
0 0.6682692307692307 0.7283653846153846 0.22596153846153846 0.052884615384615384
0 0.6682692307692307 0.21995192307692307 0.23557692307692307 0.06971153846153846
0 0.6670673076923077 0.9747596153846154 0.21394230769230768 0.04567307692307692
0 0.6658653846153846 0.8137019230769231 0.23557692307692307 0.055288461538461536
0 0.6598557692307693 0.6478365384615384 0.25721153846153844 0.06009615384615385
0 0.6598557692307693 0.13341346153846154 0.24278846153846154 0.06490384615384616
0 0.6598557692307693 0.038461538461538464 0.24759615384615385 0.052884615384615384
0 0.6586538461538461 0.47475961538461536 0.23557692307692307 0.06490384615384616
0 0.65625 0.5552884615384616 0.25 0.057692307692307696
0 0.3870192307692308 0.052884615384615384 0.2403846153846154 0.057692307692307696
0 0.38461538461538464 0.4795673076923077 0.28365384615384615 0.06009615384615385
0 0.3786057692307692 0.21995192307692307 0.2668269230769231 0.06009615384615385
0 0.37259615384615385 0.13341346153846154 0.24519230769230768 0.055288461538461536
0 0.3713942307692308 0.39663461538461536 0.25240384615384615 0.057692307692307696
0 0.36899038461538464 0.5588942307692307 0.24759615384615385 0.055288461538461536
0 0.36538461538461536 0.9038461538461539 0.2403846153846154 0.057692307692307696
0 0.3629807692307692 0.9747596153846154 0.2692307692307692 0.04567307692307692
0 0.3629807692307692 0.6454326923076923 0.23557692307692307 0.06009615384615385
0 0.36177884615384615 0.8088942307692307 0.24278846153846154 0.06009615384615385
0 0.3557692307692308 0.7319711538461539 0.22596153846153846 0.06009615384615385
0 0.35336538461538464 0.31009615384615385 0.21634615384615385 0.057692307692307696
0 0.0673076923076923 0.31850961538461536 0.12980769230769232 0.06490384615384616
0 0.06490384615384616 0.6490384615384616 0.125 0.0673076923076923
0 0.06490384615384616 0.484375 0.125 0.06009615384615385
0 0.06370192307692307 0.7355769230769231 0.11778846153846154 0.0625
0 0.06490384615384616 0.39783653846153844 0.125 0.06490384615384616
0 0.06490384615384616 0.1466346153846154 0.125 0.07211538461538461
0 0.06370192307692307 0.5697115384615384 0.12259615384615384 0.0673076923076923
0 0.0625 0.056490384615384616 0.1201923076923077 0.07932692307692307
0 0.0625 0.8209134615384616 0.1201923076923077 0.06490384615384616
0 0.06009615384615385 0.23197115384615385 0.11538461538461539 0.055288461538461536
0 0.057692307692307696 0.9747596153846154 0.11538461538461539 0.04567307692307692
0 0.055288461538461536 0.9074519230769231 0.10576923076923077 0.055288461538461536