0 0.5913461538461539 0.4891826923076923 0.2283653846153846 0.07692307692307693
0 0.5745192307692307 0.6634615384615384 0.22596153846153846 0.06971153846153846
0 0.5576923076923077 0.8305288461538461 0.23798076923076922 0.07692307692307693
0 0.5504807692307693 0.9182692307692307 0.24278846153846154 0.07451923076923077
0 0.5444711538461539 0.9771634615384616 0.2620192307692308 0.040865384615384616
0 0.5865384615384616 0.31971153846153844 0.23557692307692307 0.0673076923076923
0 0.6009615384615384 0.06129807692307692 0.25961538461538464 0.07932692307692307
0 0.5889423076923077 0.2283653846153846 0.24519230769230768 0.07692307692307693
0 0.5637019230769231 0.5721153846153846 0.25961538461538464 0.07451923076923077
0 0.5492788461538461 0.7439903846153846 0.27163461538461536 0.08173076923076923
0 0.5913461538461539 0.14423076923076922 0.25240384615384615 0.08173076923076923
0 0.5721153846153846 0.39783653846153844 0.2620192307692308 0.07211538461538461
0 0.2956730769230769 0.4699519230769231 0.2932692307692308 0.07451923076923077
0 0.28725961538461536 0.5552884615384616 0.28365384615384615 0.07692307692307693
0 0.25240384615384615 0.8918269230769231 0.2620192307692308 0.08413461538461539
0 0.2439903846153846 0.9603365384615384 0.2668269230769231 0.06009615384615385
0 0.28365384615384615 0.38221153846153844 0.24759615384615385 0.07211538461538461
0 0.3088942307692308 0.038461538461538464 0.25721153846153844 0.07692307692307693
0 0.29447115384615385 0.2127403846153846 0.2692307692307692 0.07932692307692307
0 0.25721153846153844 0.7247596153846154 0.25240384615384615 0.07211538461538461
0 0.2848557692307692 0.2980769230769231 0.25721153846153844 0.07211538461538461
0 0.24158653846153846 0.8040865384615384 0.21875 0.07932692307692307
0 0.24759615384615385 0.6358173076923077 0.22596153846153846 0.07451923076923077
0 0.27884615384615385 0.12139423076923077 0.22115384615384615 0.06971153846153846