0 0.7860576923076923 0.7379807692307693 0.055288461538461536 0.21634615384615385
0 0.9555288461538461 0.734375 0.057692307692307696 0.22115384615384615
0 0.10216346153846154 0.7475961538461539 0.06009615384615385 0.21153846153846154
0 0.03485576923076923 0.7487980769230769 0.06490384615384616 0.22596153846153846
0 0.8713942307692307 0.734375 0.0625 0.22596153846153846
0 0.18629807692307693 0.7415865384615384 0.057692307692307696 0.23076923076923078
0 0.2704326923076923 0.7391826923076923 0.0625 0.23557692307692307
0 0.6971153846153846 0.7319711538461539 0.055288461538461536 0.22596153846153846
0 0.3545673076923077 0.7379807692307693 0.052884615384615384 0.22115384615384615
0 0.5204326923076923 0.7307692307692307 0.052884615384615384 0.21153846153846154
0 0.43990384615384615 0.7151442307692307 0.06971153846153846 0.25
0 0.6117788461538461 0.7127403846153846 0.0673076923076923 0.2764423076923077
0 0.7043269230769231 0.3858173076923077 0.057692307692307696 0.22115384615384615
0 0.10096153846153846 0.3894230769230769 0.0673076923076923 0.22115384615384615
0 0.27163461538461536 0.38461538461538464 0.057692307692307696 0.23798076923076922
0 0.028846153846153848 0.38822115384615385 0.057692307692307696 0.21875
0 0.6165865384615384 0.3762019230769231 0.055288461538461536 0.2283653846153846
0 0.19230769230769232 0.38221153846153844 0.0673076923076923 0.23557692307692307
0 0.78125 0.3701923076923077 0.08173076923076923 0.24759615384615385
0 0.3557692307692308 0.37740384615384615 0.0625 0.2548076923076923
0 0.44471153846153844 0.3737980769230769 0.0625 0.24519230769230768
0 0.5288461538461539 0.3701923076923077 0.07211538461538461 0.24519230769230768
0 0.9651442307692307 0.36177884615384615 0.06009615384615385 0.2548076923076923
0 0.8786057692307693 0.3605769230769231 0.06490384615384616 0.28846153846153844
0 0.5216346153846154 0.12379807692307693 0.06971153846153846 0.24278846153846154
0 0.9507211538461539 0.10697115384615384 0.052884615384615384 0.20673076923076922
0 0.7788461538461539 0.10697115384615384 0.057692307692307696 0.21394230769230768
0 0.8617788461538461 0.10576923076923077 0.07932692307692307 0.21153846153846154
0 0.43990384615384615 0.10817307692307693 0.0625 0.2091346153846154
0 0.6057692307692307 0.1045673076923077 0.055288461538461536 0.20432692307692307
0 0.027644230769230768 0.11538461538461539 0.055288461538461536 0.21153846153846154
0 0.35096153846153844 0.10336538461538461 0.055288461538461536 0.19230769230769232
0 0.18509615384615385 0.10697115384615384 0.055288461538461536 0.1971153846153846
0 0.10096153846153846 0.10697115384615384 0.06490384615384616 0.19471153846153846
0 0.2668269230769231 0.09254807692307693 0.06009615384615385 0.1778846153846154
0 0.6899038461538461 0.08653846153846154 0.0673076923076923 0.17307692307692307