0 0.5192307692307693 0.9158653846153846 0.2403846153846154 0.07932692307692307
0 0.5420673076923077 0.6586538461538461 0.22596153846153846 0.07211538461538461
0 0.5192307692307693 0.8269230769230769 0.24519230769230768 0.08413461538461539
0 0.5637019230769231 0.31850961538461536 0.23798076923076922 0.06971153846153846
0 0.5372596153846154 0.5709134615384616 0.25961538461538464 0.07932692307692307
0 0.5685096153846154 0.2283653846153846 0.24759615384615385 0.08413461538461539
0 0.5745192307692307 0.1466346153846154 0.2548076923076923 0.0889423076923077
0 0.578125 0.06129807692307692 0.2668269230769231 0.09134615384615384
0 0.5144230769230769 0.7439903846153846 0.27403846153846156 0.08413461538461539
0 0.41466346153846156 0.3858173076923077 0.49278846153846156 0.11057692307692307
0 0.35216346153846156 0.5564903846153846 0.4567307692307692 0.10096153846153846
0 0.28125 0.46634615384615385 0.29086538461538464 0.07692307692307693
0 0.28846153846153844 0.2932692307692308 0.21634615384615385 0.07692307692307693
0 0.21754807692307693 0.9555288461538461 0.27403846153846156 0.0625
0 0.22235576923076922 0.8942307692307693 0.25721153846153844 0.07211538461538461
0 0.27524038461538464 0.2091346153846154 0.27163461538461536 0.0889423076923077
0 0.2247596153846154 0.7175480769230769 0.25 0.08173076923076923
0 0.22235576923076922 0.6322115384615384 0.22355769230769232 0.07211538461538461
0 0.265625 0.11778846153846154 0.22596153846153846 0.07692307692307693