0 0.9519230769230769 0.24879807692307693 0.09134615384615384 0.06971153846153846
0 0.9603365384615384 0.0829326923076923 0.07451923076923077 0.07451923076923077
0 0.9471153846153846 0.41947115384615385 0.10096153846153846 0.07932692307692307
0 0.9591346153846154 0.17307692307692307 0.07692307692307693 0.08653846153846154
0 0.9050480769230769 0.984375 0.10817307692307693 0.026442307692307692
0 0.9230769230769231 0.84375 0.09615384615384616 0.06009615384615385
0 0.9387019230769231 0.6754807692307693 0.09615384615384616 0.06490384615384616
0 0.9194711538461539 0.9302884615384616 0.0889423076923077 0.06490384615384616
0 0.9675480769230769 0.34134615384615385 0.06009615384615385 0.07211538461538461
0 0.9399038461538461 0.7632211538461539 0.07211538461538461 0.0625
0 0.19230769230769232 0.9555288461538461 0.07932692307692307 0.040865384615384616
0 0.3137019230769231 0.7980769230769231 0.2956730769230769 0.07932692307692307
0 0.31490384615384615 0.8942307692307693 0.2860576923076923 0.0889423076923077
0 0.390625 0.038461538461538464 0.25721153846153844 0.07692307692307693
0 0.3629807692307692 0.3786057692307692 0.2283653846153846 0.06971153846153846
0 0.33653846153846156 0.7175480769230769 0.2548076923076923 0.07932692307692307
0 0.390625 0.125 0.25961538461538464 0.08653846153846154
0 0.3870192307692308 0.20552884615384615 0.24759615384615385 0.07451923076923077
0 0.35096153846153844 0.6358173076923077 0.22596153846153846 0.07451923076923077
0 0.38341346153846156 0.29447115384615385 0.25 0.07451923076923077
0 0.3762019230769231 0.4699519230769231 0.21394230769230768 0.06971153846153846
0 0.3737980769230769 0.5504807692307693 0.2283653846153846 0.07451923076923077
0 0.7307692307692307 0.31009615384615385 0.23076923076923078 0.07692307692307693
0 0.6947115384615384 0.7403846153846154 0.22115384615384615 0.06971153846153846
0 0.7271634615384616 0.39663461538461536 0.2283653846153846 0.07211538461538461
0 0.6826923076923077 0.9098557692307693 0.2283653846153846 0.08413461538461539
0 0.6790865384615384 0.9747596153846154 0.22355769230769232 0.04567307692307692
0 0.7475961538461539 0.234375 0.25 0.0889423076923077
0 0.6983173076923077 0.8257211538461539 0.2403846153846154 0.07692307692307693
0 0.7163461538461539 0.65625 0.2620192307692308 0.07932692307692307
0 0.7331730769230769 0.48677884615384615 0.25961538461538464 0.0889423076923077
0 0.7620192307692307 0.15144230769230768 0.2668269230769231 0.10336538461538461
0 0.7271634615384616 0.5709134615384616 0.2620192307692308 0.07932692307692307
0 0.7728365384615384 0.052884615384615384 0.2644230769230769 0.07932692307692307