0 0.5697115384615384 0.7379807692307693 0.06490384615384616 0.2091346153846154
0 0.7379807692307693 0.7331730769230769 0.06490384615384616 0.21875
0 0.6538461538461539 0.7283653846153846 0.06490384615384616 0.23557692307692307
0 0.9783653846153846 0.7319711538461539 0.036057692307692304 0.25
0 0.14903846153846154 0.7163461538461539 0.06971153846153846 0.23798076923076922
0 0.22956730769230768 0.7163461538461539 0.057692307692307696 0.23076923076923078
0 0.4879807692307692 0.71875 0.06490384615384616 0.2403846153846154
0 0.06490384615384616 0.7103365384615384 0.06490384615384616 0.2283653846153846
0 0.9098557692307693 0.7247596153846154 0.07211538461538461 0.24759615384615385
0 0.31850961538461536 0.7079326923076923 0.0625 0.24519230769230768
0 0.8257211538461539 0.7175480769230769 0.07211538461538461 0.25
0 0.4014423076923077 0.7043269230769231 0.06009615384615385 0.25721153846153844
0 0.9242788461538461 0.4543269230769231 0.07211538461538461 0.2644230769230769
0 0.4963942307692308 0.44471153846153844 0.0673076923076923 0.2692307692307692
0 0.41225961538461536 0.4387019230769231 0.0673076923076923 0.25961538461538464
0 0.9855769230769231 0.44591346153846156 0.02403846153846154 0.24759615384615385
0 0.1622596153846154 0.43028846153846156 0.0673076923076923 0.2860576923076923
0 0.33653846153846156 0.4206730769230769 0.06971153846153846 0.25
0 0.24879807692307693 0.4170673076923077 0.0625 0.25721153846153844
0 0.07572115384615384 0.4074519230769231 0.0625 0.25721153846153844
0 0.5877403846153846 0.41346153846153844 0.0625 0.23317307692307693
0 0.6694711538461539 0.40625 0.07692307692307693 0.2283653846153846
0 0.7524038461538461 0.40865384615384615 0.0625 0.20673076923076922
0 0.8425480769230769 0.40865384615384615 0.0673076923076923 0.21394230769230768
0 0.5072115384615384 0.09134615384615384 0.06490384615384616 0.1778846153846154
0 0.9891826923076923 0.10096153846153846 0.016826923076923076 0.18269230769230768
0 0.4182692307692308 0.08774038461538461 0.06971153846153846 0.17307692307692307
0 0.9338942307692307 0.09615384615384616 0.07211538461538461 0.17307692307692307
0 0.3329326923076923 0.08413461538461539 0.0625 0.16826923076923078
0 0.6802884615384616 0.09134615384615384 0.07451923076923077 0.17307692307692307
0 0.8485576923076923 0.09254807692307693 0.07451923076923077 0.17067307692307693
0 0.2439903846153846 0.0829326923076923 0.07451923076923077 0.1658653846153846
0 0.765625 0.0889423076923077 0.08173076923076923 0.1658653846153846
0 0.16346153846153846 0.0829326923076923 0.07692307692307693 0.1658653846153846
0 0.07692307692307693 0.08052884615384616 0.07211538461538461 0.16105769230769232
0 0.5925480769230769 0.07451923076923077 0.0625 0.14182692307692307