0 0.7079326923076923 0.5084134615384616 0.2860576923076923 0.0673076923076923
0 0.7151442307692307 0.9290865384615384 0.24278846153846154 0.07211538461538461
0 0.7079326923076923 0.7608173076923077 0.2764423076923077 0.07211538461538461
0 0.7091346153846154 0.8461538461538461 0.24278846153846154 0.06971153846153846
0 0.6959134615384616 0.41947115384615385 0.2548076923076923 0.0673076923076923
0 0.6850961538461539 0.018028846153846152 0.2644230769230769 0.036057692307692304
0 0.6899038461538461 0.59375 0.24759615384615385 0.06009615384615385
0 0.6826923076923077 0.16947115384615385 0.24278846153846154 0.07211538461538461
0 0.6838942307692307 0.34134615384615385 0.23317307692307693 0.06490384615384616
0 0.6790865384615384 0.0829326923076923 0.24278846153846154 0.0625
0 0.6814903846153846 0.6730769230769231 0.22115384615384615 0.06490384615384616
0 0.6694711538461539 0.25600961538461536 0.21394230769230768 0.06490384615384616
0 0.34615384615384615 0.5889423076923077 0.21875 0.0673076923076923
0 0.3425480769230769 0.7572115384615384 0.23317307692307693 0.07211538461538461
0 0.33052884615384615 0.25600961538461536 0.21875 0.06490384615384616
0 0.33533653846153844 0.5120192307692307 0.24759615384615385 0.07211538461538461
0 0.3329326923076923 0.6706730769230769 0.24278846153846154 0.07211538461538461
0 0.3137019230769231 0.019230769230769232 0.22596153846153846 0.036057692307692304
0 0.3161057692307692 0.17307692307692307 0.2548076923076923 0.06971153846153846
0 0.328125 0.9326923076923077 0.23798076923076922 0.06971153846153846
0 0.3088942307692308 0.08653846153846154 0.24278846153846154 0.06490384615384616
0 0.3125 0.3425480769230769 0.25961538461538464 0.057692307692307696
0 0.31009615384615385 0.42788461538461536 0.24759615384615385 0.06009615384615385
0 0.3173076923076923 0.8425480769230769 0.24278846153846154 0.0673076923076923
0 0.09014423076923077 0.5228365384615384 0.17548076923076922 0.0673076923076923
0 0.08653846153846154 0.43509615384615385 0.17067307692307693 0.055288461538461536
0 0.08052884615384616 0.18269230769230768 0.16105769230769232 0.0673076923076923
0 0.07692307692307693 0.027644230769230768 0.15384615384615385 0.04567307692307692
0 0.07451923076923077 0.09615384615384616 0.14903846153846154 0.0625
0 0.0829326923076923 0.9471153846153846 0.1466346153846154 0.06971153846153846
0 0.07091346153846154 0.35216346153846156 0.14182692307692307 0.0625
0 0.0673076923076923 0.2668269230769231 0.1346153846153846 0.052884615384615384
0 0.07091346153846154 0.609375 0.13221153846153846 0.0625
0 0.0625 0.6923076923076923 0.11298076923076923 0.06971153846153846
0 0.0625 0.7716346153846154 0.11057692307692307 0.06009615384615385
0 0.06370192307692307 0.8617788461538461 0.11057692307692307 0.057692307692307696