0 0.07091346153846154 0.6778846153846154 0.08653846153846154 0.2764423076923077
0 0.5769230769230769 0.7127403846153846 0.08413461538461539 0.30288461538461536
0 0.014423076923076924 0.6622596153846154 0.028846153846153848 0.25721153846153844
0 0.8341346153846154 0.71875 0.08173076923076923 0.2980769230769231
0 0.49278846153846156 0.6923076923076923 0.07451923076923077 0.2956730769230769
0 0.7524038461538461 0.6995192307692307 0.07451923076923077 0.23317307692307693
0 0.6658653846153846 0.6923076923076923 0.08173076923076923 0.25
0 0.15144230769230768 0.6454326923076923 0.06971153846153846 0.22596153846153846
0 0.9194711538461539 0.6983173076923077 0.07451923076923077 0.25240384615384615
0 0.4110576923076923 0.6574519230769231 0.07211538461538461 0.23798076923076922
0 0.24278846153846154 0.6442307692307693 0.07211538461538461 0.23076923076923078
0 0.3269230769230769 0.6454326923076923 0.07451923076923077 0.2283653846153846
0 0.5252403846153846 0.3233173076923077 0.07451923076923077 0.22596153846153846
0 0.34975961538461536 0.30288461538461536 0.0673076923076923 0.22596153846153846
0 0.03245192307692308 0.2764423076923077 0.04807692307692308 0.25240384615384615
0 0.09615384615384616 0.27884615384615385 0.08413461538461539 0.25
0 0.17668269230769232 0.2824519230769231 0.08173076923076923 0.2403846153846154
0 0.6947115384615384 0.3173076923076923 0.07692307692307693 0.25
0 0.4411057692307692 0.2956730769230769 0.07692307692307693 0.2620192307692308
0 0.7836538461538461 0.31971153846153844 0.08173076923076923 0.25
0 0.8629807692307693 0.32091346153846156 0.08653846153846154 0.25961538461538464
0 0.953125 0.32572115384615385 0.07932692307692307 0.2620192307692308
0 0.2644230769230769 0.2704326923076923 0.08413461538461539 0.27163461538461536
0 0.6129807692307693 0.21875 0.0985576923076923 0.4230769230769231
0 0.5336538461538461 0.0829326923076923 0.07451923076923077 0.16346153846153846
0 0.4483173076923077 0.07572115384615384 0.07451923076923077 0.15144230769230768
0 0.051682692307692304 0.057692307692307696 0.04567307692307692 0.11538461538461539
0 0.7896634615384616 0.09014423076923077 0.07451923076923077 0.14182692307692307
0 0.9627403846153846 0.10096153846153846 0.06971153846153846 0.13942307692307693
0 0.10817307692307693 0.056490384615384616 0.07692307692307693 0.11298076923076923
0 0.27884615384615385 0.056490384615384616 0.07211538461538461 0.11298076923076923
0 0.7091346153846154 0.07692307692307693 0.0673076923076923 0.12740384615384615
0 0.36899038461538464 0.04326923076923077 0.06971153846153846 0.08653846153846154
0 0.8858173076923077 0.0733173076923077 0.057692307692307696 0.09375
0 0.1971153846153846 0.03485576923076923 0.0625 0.06971153846153846