0 0.7103365384615384 0.5516826923076923 0.2980769230769231 0.06490384615384616
0 0.7127403846153846 0.9651442307692307 0.2548076923076923 0.06009615384615385
0 0.6923076923076923 0.4699519230769231 0.2644230769230769 0.06009615384615385
0 0.7055288461538461 0.8894230769230769 0.25721153846153844 0.07211538461538461
0 0.6754807692307693 0.036057692307692304 0.2548076923076923 0.07211538461538461
0 0.6850961538461539 0.38341346153846156 0.24519230769230768 0.07211538461538461
0 0.6790865384615384 0.21394230769230768 0.2692307692307692 0.06971153846153846
0 0.6935096153846154 0.7211538461538461 0.25240384615384615 0.06490384615384616
0 0.6730769230769231 0.296875 0.24759615384615385 0.0673076923076923
0 0.6550480769230769 0.12139423076923077 0.2283653846153846 0.06490384615384616
0 0.6778846153846154 0.8076923076923077 0.22596153846153846 0.0625
0 0.6706730769230769 0.6334134615384616 0.21875 0.06490384615384616
0 0.3088942307692308 0.21754807692307693 0.21634615384615385 0.06009615384615385
0 0.2920673076923077 0.12860576923076922 0.24278846153846154 0.07211538461538461
0 0.28846153846153844 0.04927884615384615 0.23557692307692307 0.0673076923076923
0 0.2800480769230769 0.3088942307692308 0.28365384615384615 0.06971153846153846
0 0.28125 0.4014423076923077 0.2932692307692308 0.0673076923076923