0 0.27163461538461536 0.040865384615384616 0.21394230769230768 0.06971153846153846
0 0.27524038461538464 0.11899038461538461 0.21875 0.0625
0 0.27524038461538464 0.20673076923076922 0.2283653846153846 0.06490384615384616
0 0.2704326923076923 0.8040865384615384 0.21394230769230768 0.057692307692307696
0 0.27283653846153844 0.71875 0.23076923076923078 0.06009615384615385
0 0.27884615384615385 0.3786057692307692 0.23076923076923078 0.0625
0 0.28125 0.4639423076923077 0.23557692307692307 0.06971153846153846
0 0.2824519230769231 0.5492788461538461 0.25 0.0673076923076923
0 0.2920673076923077 0.2956730769230769 0.2692307692307692 0.06971153846153846
0 0.2848557692307692 0.8882211538461539 0.2283653846153846 0.0625
0 0.2848557692307692 0.9663461538461539 0.21634615384615385 0.055288461538461536
0 0.29447115384615385 0.6358173076923077 0.27163461538461536 0.0673076923076923
0 0.5552884615384616 0.8088942307692307 0.2932692307692308 0.0625
0 0.5552884615384616 0.9711538461538461 0.2932692307692308 0.052884615384615384
0 0.5600961538461539 0.8978365384615384 0.27403846153846156 0.07211538461538461
0 0.5769230769230769 0.042067307692307696 0.25721153846153844 0.07211538461538461
0 0.5817307692307693 0.13221153846153846 0.25240384615384615 0.07451923076923077
0 0.5817307692307693 0.21033653846153846 0.22596153846153846 0.052884615384615384
0 0.5805288461538461 0.3870192307692308 0.22355769230769232 0.06009615384615385
0 0.5757211538461539 0.7271634615384616 0.24519230769230768 0.057692307692307696
0 0.5829326923076923 0.3016826923076923 0.2692307692307692 0.057692307692307696
0 0.5853365384615384 0.6418269230769231 0.22355769230769232 0.055288461538461536
0 0.5901442307692307 0.47115384615384615 0.22355769230769232 0.055288461538461536
0 0.59375 0.5564903846153846 0.23076923076923078 0.0625
0 0.90625 0.6358173076923077 0.1778846153846154 0.0625
0 0.9086538461538461 0.5540865384615384 0.17067307692307693 0.07211538461538461
0 0.9098557692307693 0.4699519230769231 0.17548076923076922 0.07932692307692307
0 0.9110576923076923 0.3786057692307692 0.17307692307692307 0.06490384615384616
0 0.9146634615384616 0.12139423076923077 0.1658653846153846 0.07451923076923077
0 0.9122596153846154 0.2920673076923077 0.17067307692307693 0.06490384615384616
0 0.9122596153846154 0.20552884615384615 0.17067307692307693 0.07932692307692307
0 0.9086538461538461 0.7247596153846154 0.17067307692307693 0.0625
0 0.90625 0.9699519230769231 0.17307692307692307 0.055288461538461536
0 0.9074519230769231 0.8112980769230769 0.17067307692307693 0.07211538461538461
0 0.90625 0.8930288461538461 0.16826923076923078 0.07211538461538461
0 0.9230769230769231 0.03125 0.14903846153846154 0.04807692307692308