0 0.046875 0.28846153846153844 0.0673076923076923 0.21875
0 0.12379807692307693 0.2932692307692308 0.057692307692307696 0.2283653846153846
0 0.21514423076923078 0.3016826923076923 0.0625 0.2283653846153846
0 0.8088942307692307 0.3112980769230769 0.057692307692307696 0.2091346153846154
0 0.7235576923076923 0.3125 0.06009615384615385 0.22355769230769232
0 0.38461538461538464 0.3076923076923077 0.06009615384615385 0.23076923076923078
0 0.5552884615384616 0.32091346153846156 0.06490384615384616 0.24519230769230768
0 0.4699519230769231 0.31971153846153844 0.07211538461538461 0.2403846153846154
0 0.6430288461538461 0.3245192307692308 0.057692307692307696 0.24519230769230768
0 0.30288461538461536 0.31971153846153844 0.06971153846153846 0.27163461538461536
0 0.8954326923076923 0.33052884615384615 0.0625 0.23317307692307693
0 0.9711538461538461 0.33413461538461536 0.052884615384615384 0.23076923076923078
0 0.8076923076923077 0.6009615384615384 0.06009615384615385 0.28846153846153844
0 0.9711538461538461 0.6117788461538461 0.052884615384615384 0.2932692307692308
0 0.8966346153846154 0.609375 0.0673076923076923 0.2668269230769231
0 0.38100961538461536 0.6009615384615384 0.0625 0.23557692307692307
0 0.040865384615384616 0.5961538461538461 0.06490384615384616 0.25721153846153844
0 0.7223557692307693 0.6165865384615384 0.06009615384615385 0.25
0 0.12740384615384615 0.6069711538461539 0.07211538461538461 0.2548076923076923
0 0.20552884615384615 0.6105769230769231 0.055288461538461536 0.23557692307692307
0 0.2920673076923077 0.6165865384615384 0.055288461538461536 0.24519230769230768
0 0.6382211538461539 0.6274038461538461 0.055288461538461536 0.23076923076923078
0 0.46875 0.625 0.057692307692307696 0.22115384615384615
0 0.5516826923076923 0.6274038461538461 0.06490384615384616 0.21394230769230768
0 0.03365384615384615 0.9146634615384616 0.0673076923076923 0.15144230769230768
0 0.6201923076923077 0.9278846153846154 0.0673076923076923 0.13942307692307693
0 0.3641826923076923 0.9242788461538461 0.0625 0.14182692307692307
0 0.44711538461538464 0.9266826923076923 0.07932692307692307 0.14182692307692307
0 0.27283653846153844 0.9242788461538461 0.07211538461538461 0.13942307692307693
0 0.7932692307692307 0.9302884615384616 0.0673076923076923 0.1346153846153846
0 0.7067307692307693 0.9314903846153846 0.0625 0.13221153846153846
0 0.5396634615384616 0.9314903846153846 0.0673076923076923 0.1346153846153846
0 0.19230769230769232 0.9254807692307693 0.06490384615384616 0.1346153846153846
0 0.8798076923076923 0.9350961538461539 0.07211538461538461 0.125
0 0.10697115384615384 0.9242788461538461 0.0673076923076923 0.13221153846153846
0 0.9615384615384616 0.9375 0.0625 0.1201923076923077