0 0.3449519230769231 0.08653846153846154 0.21875 0.07692307692307693
0 0.3112980769230769 0.6021634615384616 0.22596153846153846 0.0673076923076923
0 0.30528846153846156 0.6850961538461539 0.22115384615384615 0.06971153846153846
0 0.3545673076923077 0.02283653846153846 0.2283653846153846 0.04567307692307692
0 0.34134615384615385 0.25961538461538464 0.23317307692307693 0.06971153846153846
0 0.30528846153846156 0.7668269230769231 0.25 0.09134615384615384
0 0.3004807692307692 0.8569711538461539 0.2620192307692308 0.07932692307692307
0 0.3473557692307692 0.1778846153846154 0.24519230769230768 0.07211538461538461
0 0.34134615384615385 0.34134615384615385 0.25961538461538464 0.07451923076923077
0 0.29927884615384615 0.9483173076923077 0.2548076923076923 0.06971153846153846
0 0.33052884615384615 0.5108173076923077 0.25 0.08173076923076923
0 0.3449519230769231 0.43509615384615385 0.23798076923076922 0.07211538461538461
0 0.5961538461538461 0.5276442307692307 0.2692307692307692 0.07451923076923077
0 0.5733173076923077 0.9519230769230769 0.25 0.07692307692307693
0 0.5949519230769231 0.7836538461538461 0.27884615384615385 0.07692307692307693
0 0.59375 0.8725961538461539 0.25961538461538464 0.07451923076923077
0 0.6237980769230769 0.44711538461538464 0.2668269230769231 0.07932692307692307
0 0.6538461538461539 0.03485576923076923 0.2644230769230769 0.06490384615384616
0 0.6322115384615384 0.36177884615384615 0.23798076923076922 0.07451923076923077
0 0.6177884615384616 0.6105769230769231 0.25721153846153844 0.07211538461538461
0 0.6466346153846154 0.1935096153846154 0.25240384615384615 0.07211538461538461
0 0.6574519230769231 0.109375 0.24759615384615385 0.07692307692307693
0 0.625 0.7007211538461539 0.22115384615384615 0.06971153846153846
0 0.6586538461538461 0.28125 0.21634615384615385 0.06971153846153846
0 0.9170673076923077 0.6262019230769231 0.14423076923076922 0.07451923076923077
0 0.9278846153846154 0.5444711538461539 0.13942307692307693 0.08173076923076923
0 0.9170673076923077 0.7127403846153846 0.13942307692307693 0.07211538461538461
0 0.9050480769230769 0.8786057692307693 0.13942307692307693 0.08413461538461539
0 0.9314903846153846 0.46274038461538464 0.13221153846153846 0.07451923076923077
0 0.9110576923076923 0.7956730769230769 0.13942307692307693 0.07692307692307693
0 0.9002403846153846 0.9639423076923077 0.13701923076923078 0.0673076923076923
0 0.9411057692307693 0.2956730769230769 0.11298076923076923 0.07692307692307693
0 0.9435096153846154 0.21153846153846154 0.10817307692307693 0.07692307692307693
0 0.9519230769230769 0.057692307692307696 0.09134615384615384 0.057692307692307696
0 0.9411057692307693 0.38100961538461536 0.11298076923076923 0.07451923076923077
0 0.9543269230769231 0.12379807692307693 0.08653846153846154 0.06009615384615385