0 0.5865384615384616 0.3858173076923077 0.06971153846153846 0.21875
0 0.7524038461538461 0.4050480769230769 0.07692307692307693 0.2283653846153846
0 0.2536057692307692 0.37259615384615385 0.07211538461538461 0.22115384615384615
0 0.6706730769230769 0.40625 0.07451923076923077 0.24759615384615385
0 0.16706730769230768 0.3701923076923077 0.07451923076923077 0.23317307692307693
0 0.9278846153846154 0.4266826923076923 0.07211538461538461 0.25721153846153844
0 0.9783653846153846 0.43149038461538464 0.038461538461538464 0.2620192307692308
0 0.5012019230769231 0.39783653846153844 0.08173076923076923 0.25721153846153844
0 0.0829326923076923 0.3701923076923077 0.07211538461538461 0.2283653846153846
0 0.4170673076923077 0.40024038461538464 0.07451923076923077 0.25961538461538464
0 0.33774038461538464 0.3954326923076923 0.08173076923076923 0.25240384615384615
0 0.8353365384615384 0.43509615384615385 0.08413461538461539 0.2764423076923077
0 0.9158653846153846 0.7007211538461539 0.07932692307692307 0.2668269230769231
0 0.40384615384615385 0.6670673076923077 0.08173076923076923 0.2692307692307692
0 0.49158653846153844 0.6742788461538461 0.07932692307692307 0.28365384615384615
0 0.15264423076923078 0.6538461538461539 0.07932692307692307 0.2860576923076923
0 0.23918269230769232 0.6682692307692307 0.06971153846153846 0.2644230769230769
0 0.014423076923076924 0.6598557692307693 0.028846153846153848 0.2956730769230769
0 0.3245192307692308 0.6826923076923077 0.08173076923076923 0.2548076923076923
0 0.06610576923076923 0.6694711538461539 0.07451923076923077 0.24759615384615385
0 0.5745192307692307 0.7067307692307693 0.07451923076923077 0.23557692307692307
0 0.8257211538461539 0.7271634615384616 0.08173076923076923 0.22115384615384615
0 0.6550480769230769 0.7211538461538461 0.08413461538461539 0.23798076923076922
0 0.7403846153846154 0.7271634615384616 0.08173076923076923 0.23317307692307693