0 0.8257211538461539 0.19591346153846154 0.04807692307692308 0.08173076923076923
0 0.4855769230769231 0.1935096153846154 0.05048076923076923 0.07932692307692307
0 0.6538461538461539 0.20192307692307693 0.05048076923076923 0.09134615384615384
0 0.5697115384615384 0.203125 0.04567307692307692 0.09615384615384616
0 0.4879807692307692 0.38221153846153844 0.0625 0.3173076923076923
0 0.057692307692307696 0.3870192307692308 0.057692307692307696 0.2403846153846154
0 0.23076923076923078 0.3918269230769231 0.0673076923076923 0.2692307692307692
0 0.14423076923076922 0.39783653846153844 0.06009615384615385 0.2403846153846154
0 0.5661057692307693 0.40865384615384615 0.0625 0.25721153846153844
0 0.8209134615384616 0.41586538461538464 0.0625 0.23798076923076922
0 0.9086538461538461 0.4182692307692308 0.06490384615384616 0.23557692307692307
0 0.9747596153846154 0.421875 0.04567307692307692 0.2668269230769231
0 0.6514423076923077 0.4206730769230769 0.06009615384615385 0.23076923076923078
0 0.31490384615384615 0.4254807692307692 0.055288461538461536 0.21394230769230768
0 0.7391826923076923 0.4338942307692308 0.057692307692307696 0.21634615384615385
0 0.40384615384615385 0.7584134615384616 0.0625 0.21153846153846154
0 0.23557692307692307 0.7632211538461539 0.0673076923076923 0.22355769230769232
0 0.7355769230769231 0.7740384615384616 0.0625 0.23317307692307693
0 0.32211538461538464 0.7680288461538461 0.0625 0.2548076923076923
0 0.14903846153846154 0.7704326923076923 0.0673076923076923 0.2644230769230769
0 0.4879807692307692 0.7836538461538461 0.0673076923076923 0.2644230769230769
0 0.8221153846153846 0.7872596153846154 0.0673076923076923 0.2548076923076923
0 0.015625 0.7752403846153846 0.03125 0.2764423076923077
0 0.0625 0.78125 0.0673076923076923 0.2644230769230769
0 0.6430288461538461 0.7920673076923077 0.07932692307692307 0.25961538461538464
0 0.9074519230769231 0.7956730769230769 0.055288461538461536 0.2403846153846154
0 0.5673076923076923 0.796875 0.0625 0.27403846153846156