0 0.5961538461538461 0.5745192307692307 0.07932692307692307 0.27163461538461536
0 0.5108173076923077 0.5793269230769231 0.07692307692307693 0.2764423076923077
0 0.8497596153846154 0.5600961538461539 0.07692307692307693 0.28846153846153844
0 0.020432692307692308 0.5997596153846154 0.038461538461538464 0.24519230769230768
0 0.07572115384615384 0.5913461538461539 0.06971153846153846 0.2548076923076923
0 0.6742788461538461 0.546875 0.08173076923076923 0.25
0 0.7596153846153846 0.5420673076923077 0.07211538461538461 0.25721153846153844
0 0.9326923076923077 0.5276442307692307 0.07451923076923077 0.25240384615384615
0 0.16346153846153846 0.5673076923076923 0.0625 0.22596153846153846
0 0.421875 0.5504807692307693 0.0673076923076923 0.2403846153846154
0 0.25600961538461536 0.5576923076923077 0.0673076923076923 0.22596153846153846
0 0.3401442307692308 0.5516826923076923 0.07692307692307693 0.22355769230769232
0 0.49158653846153844 0.1935096153846154 0.07451923076923077 0.25
0 0.009615384615384616 0.21754807692307693 0.019230769230769232 0.25721153846153844
0 0.3161057692307692 0.20072115384615385 0.06490384615384616 0.23076923076923078
0 0.056490384615384616 0.2091346153846154 0.07451923076923077 0.2548076923076923
0 0.14423076923076922 0.20072115384615385 0.08413461538461539 0.25721153846153844
0 0.4050480769230769 0.18629807692307693 0.07932692307692307 0.27403846153846156
0 0.75 0.16706730769230768 0.07692307692307693 0.25721153846153844
0 0.9206730769230769 0.15504807692307693 0.07451923076923077 0.2668269230769231
0 0.8353365384615384 0.15865384615384615 0.07932692307692307 0.25961538461538464
0 0.23317307692307693 0.17908653846153846 0.08173076923076923 0.2764423076923077
0 0.6610576923076923 0.15625 0.06971153846153846 0.28846153846153844
0 0.5757211538461539 0.15504807692307693 0.08413461538461539 0.31009615384615385
0 0.44591346153846156 0.8137019230769231 0.06490384615384616 0.0889423076923077
0 0.27884615384615385 0.8173076923076923 0.0673076923076923 0.0985576923076923
0 0.7836538461538461 0.7896634615384616 0.06490384615384616 0.10576923076923077
0 0.9555288461538461 0.7728365384615384 0.06490384615384616 0.11057692307692307
0 0.8665865384615384 0.7752403846153846 0.052884615384615384 0.1201923076923077
0 0.3629807692307692 0.8004807692307693 0.06490384615384616 0.11778846153846154
0 0.036057692307692304 0.8173076923076923 0.04326923076923077 0.1201923076923077
0 0.1935096153846154 0.8088942307692307 0.06971153846153846 0.125
0 0.6959134615384616 0.78125 0.07692307692307693 0.12740384615384615
0 0.6129807692307693 0.7848557692307693 0.0673076923076923 0.13221153846153846
0 0.10697115384615384 0.8100961538461539 0.07451923076923077 0.12980769230769232
0 0.5252403846153846 0.7872596153846154 0.06971153846153846 0.12740384615384615