0 0.9483173076923077 0.2439903846153846 0.0985576923076923 0.06971153846153846
0 0.9459134615384616 0.4879807692307692 0.10576923076923077 0.07932692307692307
0 0.9483173076923077 0.328125 0.0985576923076923 0.06490384615384616
0 0.9519230769230769 0.06490384615384616 0.09134615384615384 0.08173076923076923
0 0.9435096153846154 0.8245192307692307 0.09615384615384616 0.06490384615384616
0 0.3389423076923077 0.8990384615384616 0.21153846153846154 0.0673076923076923
0 0.35216346153846156 0.38221153846153844 0.21875 0.057692307692307696
0 0.35336538461538464 0.2980769230769231 0.21875 0.0625
0 0.3425480769230769 0.9711538461538461 0.21634615384615385 0.052884615384615384
0 0.35216346153846156 0.8100961538461539 0.23557692307692307 0.057692307692307696
0 0.3629807692307692 0.21394230769230768 0.24278846153846154 0.08173076923076923
0 0.3557692307692308 0.7259615384615384 0.24278846153846154 0.057692307692307696
0 0.3605769230769231 0.6418269230769231 0.25 0.0673076923076923
0 0.3629807692307692 0.47115384615384615 0.2403846153846154 0.0625
0 0.3737980769230769 0.036057692307692304 0.25961538461538464 0.07211538461538461
0 0.3641826923076923 0.5528846153846154 0.24519230769230768 0.0673076923076923
0 0.38822115384615385 0.12980769230769232 0.29086538461538464 0.07692307692307693
0 0.6274038461538461 0.4735576923076923 0.25961538461538464 0.052884615384615384
0 0.6478365384615384 0.05048076923076923 0.25 0.0625
0 0.6442307692307693 0.39663461538461536 0.24519230769230768 0.0673076923076923
0 0.6430288461538461 0.5625 0.24519230769230768 0.057692307692307696
0 0.6418269230769231 0.8125 0.23317307692307693 0.0625
0 0.65625 0.22355769230769232 0.25961538461538464 0.0625
0 0.6598557692307693 0.1346153846153846 0.25 0.057692307692307696
0 0.6610576923076923 0.6478365384615384 0.23076923076923078 0.06009615384615385
0 0.6658653846153846 0.31009615384615385 0.22355769230769232 0.0673076923076923
0 0.6574519230769231 0.9759615384615384 0.2764423076923077 0.04326923076923077
0 0.6586538461538461 0.9050480769230769 0.24519230769230768 0.06490384615384616
0 0.6670673076923077 0.734375 0.21634615384615385 0.06009615384615385