0 0.08052884615384616 0.6454326923076923 0.06009615384615385 0.2091346153846154
0 0.5168269230769231 0.6033653846153846 0.07692307692307693 0.28846153846153844
0 0.5997596153846154 0.5913461538461539 0.08173076923076923 0.28125
0 0.025240384615384616 0.640625 0.04567307692307692 0.24519230769230768
0 0.8521634615384616 0.5685096153846154 0.08653846153846154 0.2980769230769231
0 0.6802884615384616 0.5721153846153846 0.0889423076923077 0.24759615384615385
0 0.7704326923076923 0.5576923076923077 0.08173076923076923 0.2548076923076923
0 0.9326923076923077 0.5372596153846154 0.08413461538461539 0.25
0 0.17307692307692307 0.6009615384615384 0.07692307692307693 0.22115384615384615
0 0.25961538461538464 0.5901442307692307 0.07692307692307693 0.23317307692307693
0 0.4254807692307692 0.5745192307692307 0.07451923076923077 0.2403846153846154
0 0.3449519230769231 0.578125 0.08173076923076923 0.22596153846153846
0 0.48197115384615385 0.2283653846153846 0.07932692307692307 0.23076923076923078
0 0.057692307692307696 0.2548076923076923 0.08653846153846154 0.24278846153846154
0 0.3076923076923077 0.23197115384615385 0.07211538461538461 0.23076923076923078
0 0.13701923076923078 0.24158653846153846 0.08413461538461539 0.24519230769230768
0 0.6538461538461539 0.1935096153846154 0.07451923076923077 0.25240384615384615
0 0.9074519230769231 0.1658653846153846 0.08413461538461539 0.2668269230769231
0 0.7403846153846154 0.1814903846153846 0.08413461538461539 0.25240384615384615
0 0.39783653846153844 0.21033653846153846 0.08653846153846154 0.28365384615384615
0 0.8233173076923077 0.17067307692307693 0.0889423076923077 0.25961538461538464
0 0.5709134615384616 0.18269230769230768 0.08413461538461539 0.2980769230769231
0 0.21875 0.2127403846153846 0.08653846153846154 0.28846153846153844
0 0.46033653846153844 0.828125 0.06490384615384616 0.06009615384615385
0 0.2932692307692308 0.8365384615384616 0.06490384615384616 0.08173076923076923
0 0.9663461538461539 0.7692307692307693 0.0625 0.09375
0 0.7944711538461539 0.7848557692307693 0.0673076923076923 0.0985576923076923
0 0.3762019230769231 0.8197115384615384 0.06490384615384616 0.09615384615384616
0 0.051682692307692304 0.8461538461538461 0.05048076923076923 0.10336538461538461
0 0.12259615384615384 0.8389423076923077 0.07211538461538461 0.10096153846153846
0 0.8798076923076923 0.7728365384615384 0.052884615384615384 0.09134615384615384
0 0.5372596153846154 0.8016826923076923 0.0625 0.10336538461538461
0 0.20432692307692307 0.8293269230769231 0.06490384615384616 0.10576923076923077
0 0.7067307692307693 0.7836538461538461 0.055288461538461536 0.10336538461538461
0 0.6237980769230769 0.7908653846153846 0.057692307692307696 0.10817307692307693