0 0.3425480769230769 0.4879807692307692 0.29086538461538464 0.0673076923076923
0 0.34975961538461536 0.23317307692307693 0.2764423076923077 0.0673076923076923
0 0.34975961538461536 0.052884615384615384 0.22596153846153846 0.0673076923076923
0 0.3713942307692308 0.9759615384615384 0.2283653846153846 0.04326923076923077
0 0.3641826923076923 0.4050480769230769 0.23076923076923078 0.06009615384615385
0 0.37259615384615385 0.9086538461538461 0.23076923076923078 0.0673076923076923
0 0.37259615384615385 0.8221153846153846 0.22355769230769232 0.0673076923076923
0 0.36177884615384615 0.1502403846153846 0.21153846153846154 0.06490384615384616
0 0.3713942307692308 0.6502403846153846 0.2283653846153846 0.06490384615384616
0 0.3701923076923077 0.5733173076923077 0.23798076923076922 0.07451923076923077
0 0.38461538461538464 0.7403846153846154 0.2091346153846154 0.0625
0 0.38221153846153844 0.32091346153846156 0.2091346153846154 0.06971153846153846
0 0.7115384615384616 0.4074519230769231 0.21875 0.0673076923076923
0 0.7139423076923077 0.2403846153846154 0.23076923076923078 0.07451923076923077
0 0.7271634615384616 0.7403846153846154 0.21875 0.06971153846153846
0 0.7211538461538461 0.32572115384615385 0.24759615384615385 0.0673076923076923
0 0.7319711538461539 0.4807692307692308 0.21394230769230768 0.06490384615384616
0 0.7415865384615384 0.9783653846153846 0.21634615384615385 0.036057692307692304
0 0.7391826923076923 0.8269230769230769 0.24519230769230768 0.06490384615384616
0 0.7379807692307693 0.65625 0.25 0.06490384615384616
0 0.7451923076923077 0.9122596153846154 0.23557692307692307 0.06009615384615385
0 0.7403846153846154 0.5745192307692307 0.23798076923076922 0.06971153846153846
0 0.7403846153846154 0.06610576923076923 0.24519230769230768 0.06971153846153846
0 0.7524038461538461 0.14543269230769232 0.22355769230769232 0.06971153846153846
0 0.9362980769230769 0.47115384615384615 0.12259615384615384 0.06490384615384616
0 0.9423076923076923 0.5661057692307693 0.11298076923076923 0.0625
0 0.9435096153846154 0.8125 0.10817307692307693 0.0673076923076923
0 0.9338942307692307 0.04927884615384615 0.11298076923076923 0.0673076923076923
0 0.9507211538461539 0.9699519230769231 0.09375 0.04567307692307692
0 0.9519230769230769 0.640625 0.09134615384615384 0.06971153846153846
0 0.953125 0.3894230769230769 0.08413461538461539 0.0673076923076923
0 0.9591346153846154 0.8966346153846154 0.07692307692307693 0.0673076923076923
0 0.9603365384615384 0.7319711538461539 0.07451923076923077 0.055288461538461536
0 0.9591346153846154 0.13581730769230768 0.06490384615384616 0.057692307692307696
0 0.9651442307692307 0.22235576923076922 0.055288461538461536 0.057692307692307696
0 0.17548076923076922 0.5697115384615384 0.055288461538461536 0.05048076923076923
0 0.1778846153846154 0.6586538461538461 0.04807692307692308 0.04567307692307692