0 0.7127403846153846 0.8701923076923077 0.24519230769230768 0.07451923076923077
0 0.7235576923076923 0.09735576923076923 0.21153846153846154 0.0625
0 0.7115384615384616 0.6177884615384616 0.22115384615384615 0.055288461538461536
0 0.7043269230769231 0.7824519230769231 0.23798076923076922 0.07692307692307693
0 0.7199519230769231 0.030048076923076924 0.21634615384615385 0.04807692307692308
0 0.7079326923076923 0.6983173076923077 0.22596153846153846 0.0625
0 0.7151442307692307 0.18870192307692307 0.23076923076923078 0.057692307692307696
0 0.7127403846153846 0.27283653846153844 0.22115384615384615 0.057692307692307696
0 0.6899038461538461 0.9651442307692307 0.23798076923076922 0.057692307692307696
0 0.6983173076923077 0.5252403846153846 0.23798076923076922 0.0673076923076923
0 0.7019230769230769 0.35697115384615385 0.25 0.0625
0 0.6983173076923077 0.4483173076923077 0.25 0.0625
0 0.41466346153846156 0.7752403846153846 0.27163461538461536 0.0673076923076923
0 0.41586538461538464 0.6045673076923077 0.2548076923076923 0.07211538461538461
0 0.4206730769230769 0.09254807692307693 0.22115384615384615 0.0625
0 0.41466346153846156 0.4375 0.2548076923076923 0.06009615384615385
0 0.41466346153846156 0.18629807692307693 0.23557692307692307 0.0625
0 0.4170673076923077 0.02403846153846154 0.27163461538461536 0.04807692307692308
0 0.4074519230769231 0.35096153846153844 0.23317307692307693 0.06009615384615385
0 0.39302884615384615 0.6887019230769231 0.22115384615384615 0.06009615384615385
0 0.39783653846153844 0.2668269230769231 0.22596153846153846 0.0625
0 0.08533653846153846 0.5865384615384616 0.16826923076923078 0.06971153846153846
0 0.08653846153846154 0.6754807692307693 0.17307692307692307 0.0673076923076923
0 0.08653846153846154 0.5036057692307693 0.16826923076923078 0.07211538461538461
0 0.08413461538461539 0.7608173076923077 0.16826923076923078 0.06971153846153846
0 0.08173076923076923 0.9290865384615384 0.16346153846153846 0.08413461538461539
0 0.0829326923076923 0.84375 0.1658653846153846 0.07692307692307693
0 0.08533653846153846 0.4206730769230769 0.16346153846153846 0.06490384615384616
0 0.0889423076923077 0.2548076923076923 0.15865384615384615 0.06971153846153846
0 0.09014423076923077 0.17067307692307693 0.16346153846153846 0.06490384615384616
0 0.08774038461538461 0.020432692307692308 0.15625 0.040865384615384616
0 0.08413461538461539 0.08774038461538461 0.14903846153846154 0.057692307692307696