0 0.7764423076923077 0.9627403846153846 0.18509615384615385 0.057692307692307696
0 0.7692307692307693 0.8894230769230769 0.18269230769230768 0.055288461538461536
0 0.7560096153846154 0.5432692307692307 0.18509615384615385 0.052884615384615384
0 0.7512019230769231 0.46153846153846156 0.18990384615384615 0.0673076923076923
0 0.7439903846153846 0.2932692307692308 0.20192307692307693 0.07211538461538461
0 0.7524038461538461 0.6334134615384616 0.21394230769230768 0.06009615384615385
0 0.5252403846153846 0.8978365384615384 0.28846153846153844 0.07211538461538461
0 0.5276442307692307 0.9699519230769231 0.3004807692307692 0.055288461538461536
0 0.5204326923076923 0.8088942307692307 0.2956730769230769 0.06971153846153846
0 0.5 0.38461538461538464 0.2403846153846154 0.06009615384615385
0 0.49399038461538464 0.21153846153846154 0.22115384615384615 0.055288461538461536
0 0.4951923076923077 0.3016826923076923 0.2091346153846154 0.057692307692307696
0 0.4855769230769231 0.04447115384615385 0.25 0.06971153846153846
0 0.4807692307692308 0.1310096153846154 0.25961538461538464 0.07451923076923077
0 0.5 0.7247596153846154 0.2548076923076923 0.06490384615384616
0 0.4951923076923077 0.6430288461538461 0.2283653846153846 0.057692307692307696
0 0.4831730769230769 0.4723557692307692 0.22115384615384615 0.057692307692307696
0 0.47836538461538464 0.5564903846153846 0.21875 0.06490384615384616
0 0.14182692307692307 0.7319711538461539 0.24519230769230768 0.0673076923076923
0 0.12980769230769232 0.3870192307692308 0.23557692307692307 0.0625
0 0.1502403846153846 0.9735576923076923 0.22355769230769232 0.04807692307692308
0 0.125 0.296875 0.2283653846153846 0.06009615384615385
0 0.13581730769230768 0.6466346153846154 0.25961538461538464 0.06971153846153846
0 0.14423076923076922 0.9002403846153846 0.22596153846153846 0.06971153846153846
0 0.140625 0.8149038461538461 0.23317307692307693 0.0625
0 0.12620192307692307 0.47475961538461536 0.25240384615384615 0.08173076923076923
0 0.12259615384615384 0.21754807692307693 0.24519230769230768 0.08413461538461539
0 0.12139423076923077 0.04927884615384615 0.24278846153846154 0.07932692307692307
0 0.12860576923076922 0.5625 0.25 0.07932692307692307
0 0.11658653846153846 0.1310096153846154 0.23317307692307693 0.07451923076923077
0 0.7644230769230769 0.11057692307692307 0.14903846153846154 0.04326923076923077
0 0.7620192307692307 0.03245192307692308 0.14903846153846154 0.055288461538461536
0 0.7644230769230769 0.20673076923076922 0.1658653846153846 0.07211538461538461
0 0.765625 0.3762019230769231 0.16105769230769232 0.055288461538461536
0 0.7752403846153846 0.7175480769230769 0.16826923076923078 0.06009615384615385
0 0.7788461538461539 0.8004807692307693 0.16346153846153846 0.052884615384615384