0 0.2283653846153846 0.4951923076923077 0.16105769230769232 0.07692307692307693
0 0.24759615384615385 0.671875 0.15865384615384615 0.06490384615384616
0 0.2644230769230769 0.8413461538461539 0.1778846153846154 0.07451923076923077
0 0.22115384615384615 0.3245192307692308 0.18028846153846154 0.0625
0 0.21875 0.24158653846153846 0.1971153846153846 0.07692307692307693
0 0.20432692307692307 0.0673076923076923 0.1971153846153846 0.07451923076923077
0 0.2824519230769231 0.9314903846153846 0.18509615384615385 0.06009615384615385
0 0.2512019230769231 0.5793269230769231 0.1875 0.07932692307692307
0 0.2920673076923077 0.9855769230769231 0.17548076923076922 0.02403846153846154
0 0.21394230769230768 0.15625 0.1875 0.07451923076923077
0 0.27403846153846156 0.7560096153846154 0.1875 0.06971153846153846
0 0.2704326923076923 0.4074519230769231 0.22115384615384615 0.07451923076923077
0 0.5060096153846154 0.5625 0.2956730769230769 0.07932692307692307
0 0.4639423076923077 0.04567307692307692 0.2644230769230769 0.09134615384615384
0 0.5024038461538461 0.4807692307692308 0.23798076923076922 0.07692307692307693
0 0.4831730769230769 0.2247596153846154 0.2548076923076923 0.09615384615384616
0 0.4951923076923077 0.30288461538461536 0.23798076923076922 0.0673076923076923
0 0.5024038461538461 0.38822115384615385 0.23076923076923078 0.07692307692307693
0 0.5600961538461539 0.9711538461538461 0.23557692307692307 0.052884615384615384
0 0.5588942307692307 0.8990384615384616 0.2644230769230769 0.08173076923076923
0 0.546875 0.7307692307692307 0.25 0.08653846153846154
0 0.49399038461538464 0.1310096153846154 0.23076923076923078 0.07211538461538461
0 0.5456730769230769 0.6430288461538461 0.19951923076923078 0.07451923076923077
0 0.5625 0.8125 0.22355769230769232 0.08653846153846154
0 0.8401442307692307 0.10096153846153846 0.23798076923076922 0.07692307692307693
0 0.8665865384615384 0.36658653846153844 0.24519230769230768 0.07932692307692307
0 0.8533653846153846 0.18629807692307693 0.2403846153846154 0.08653846153846154
0 0.8641826923076923 0.27884615384615385 0.23557692307692307 0.08413461538461539
0 0.8485576923076923 0.027644230769230768 0.22596153846153846 0.055288461538461536