0 0.2247596153846154 0.9675480769230769 0.11298076923076923 0.055288461538461536
0 0.20072115384615385 0.19951923076923078 0.12740384615384615 0.05048076923076923
0 0.2247596153846154 0.4543269230769231 0.15144230769230768 0.052884615384615384
0 0.23557692307692307 0.36538461538461536 0.18509615384615385 0.06490384615384616
0 0.47716346153846156 0.9555288461538461 0.24759615384615385 0.0673076923076923
0 0.4699519230769231 0.6117788461538461 0.24759615384615385 0.0625
0 0.47836538461538464 0.7872596153846154 0.23317307692307693 0.055288461538461536
0 0.484375 0.8677884615384616 0.25240384615384615 0.07451923076923077
0 0.4675480769230769 0.27524038461538464 0.24759615384615385 0.0673076923076923
0 0.4675480769230769 0.18870192307692307 0.25721153846153844 0.0673076923076923
0 0.49158653846153844 0.6983173076923077 0.2403846153846154 0.057692307692307696
0 0.47836538461538464 0.3557692307692308 0.2283653846153846 0.057692307692307696
0 0.4891826923076923 0.5252403846153846 0.21394230769230768 0.057692307692307696
0 0.5012019230769231 0.44350961538461536 0.24519230769230768 0.06971153846153846
0 0.8413461538461539 0.7007211538461539 0.23317307692307693 0.0625
0 0.8209134615384616 0.026442307692307692 0.2283653846153846 0.052884615384615384
0 0.8245192307692307 0.09735576923076923 0.22355769230769232 0.0673076923076923
0 0.8425480769230769 0.6129807692307693 0.23317307692307693 0.06009615384615385
0 0.8497596153846154 0.7836538461538461 0.2403846153846154 0.07211538461538461
0 0.8317307692307693 0.26802884615384615 0.24519230769230768 0.06009615384615385
0 0.8329326923076923 0.18509615384615385 0.24759615384615385 0.0673076923076923
0 0.8377403846153846 0.35336538461538464 0.25961538461538464 0.0673076923076923
0 0.8425480769230769 0.43990384615384615 0.25961538461538464 0.07211538461538461
0 0.8473557692307693 0.5264423076923077 0.2620192307692308 0.07692307692307693
0 0.8689903846153846 0.9579326923076923 0.25721153846153844 0.06490384615384616
0 0.8641826923076923 0.8653846153846154 0.2668269230769231 0.08653846153846154