0 0.7824519230769231 0.9519230769230769 0.2932692307692308 0.06971153846153846
0 0.7271634615384616 0.3737980769230769 0.23798076923076922 0.07692307692307693
0 0.7103365384615384 0.19951923076923078 0.2283653846153846 0.0673076923076923
0 0.765625 0.8870192307692307 0.23557692307692307 0.07692307692307693
0 0.6887019230769231 0.03245192307692308 0.24278846153846154 0.06490384615384616
0 0.6947115384615384 0.11538461538461539 0.24759615384615385 0.08173076923076923
0 0.7067307692307693 0.2860576923076923 0.24759615384615385 0.07451923076923077
0 0.7427884615384616 0.7115384615384616 0.25 0.07692307692307693
0 0.7487980769230769 0.796875 0.25240384615384615 0.07451923076923077
0 0.7319711538461539 0.6298076923076923 0.2283653846153846 0.07692307692307693
0 0.7139423076923077 0.46033653846153844 0.22596153846153846 0.07451923076923077
0 0.71875 0.5480769230769231 0.22115384615384615 0.07692307692307693
0 0.41346153846153844 0.9711538461538461 0.22596153846153846 0.052884615384615384
0 0.3605769230769231 0.3942307692307692 0.22596153846153846 0.07211538461538461
0 0.40384615384615385 0.9026442307692307 0.2283653846153846 0.08413461538461539
0 0.34975961538461536 0.30528846153846156 0.23076923076923078 0.07211538461538461
0 0.34134615384615385 0.2283653846153846 0.2403846153846154 0.0889423076923077
0 0.39302884615384615 0.8185096153846154 0.2403846153846154 0.07692307692307693
0 0.38461538461538464 0.7331730769230769 0.23557692307692307 0.06971153846153846
0 0.3317307692307692 0.13221153846153846 0.23317307692307693 0.07932692307692307
0 0.37259615384615385 0.6514423076923077 0.2620192307692308 0.08413461538461539
0 0.3557692307692308 0.4807692307692308 0.24519230769230768 0.0889423076923077
0 0.3161057692307692 0.046875 0.2548076923076923 0.07692307692307693
0 0.3581730769230769 0.5637019230769231 0.24519230769230768 0.07692307692307693
0 0.11057692307692307 0.5024038461538461 0.22115384615384615 0.0673076923076923
0 0.08173076923076923 0.07572115384615384 0.16346153846153846 0.06490384615384616
0 0.10697115384615384 0.5889423076923077 0.20192307692307693 0.07211538461538461
0 0.09615384615384616 0.421875 0.19230769230769232 0.07932692307692307
0 0.09014423076923077 0.24519230769230768 0.18028846153846154 0.07211538461538461
0 0.140625 0.9831730769230769 0.19951923076923078 0.028846153846153848
0 0.08052884615384616 0.17067307692307693 0.16105769230769232 0.09134615384615384
0 0.1201923076923077 0.8401442307692307 0.18028846153846154 0.0673076923076923
0 0.10576923076923077 0.6778846153846154 0.18269230769230768 0.06971153846153846
0 0.12740384615384615 0.9266826923076923 0.18269230769230768 0.07451923076923077
0 0.10576923076923077 0.7584134615384616 0.16826923076923078 0.07692307692307693
0 0.07211538461538461 0.3425480769230769 0.14423076923076922 0.07451923076923077