0 0.4723557692307692 0.5120192307692307 0.22355769230769232 0.0625
0 0.46033653846153844 0.34134615384615385 0.22355769230769232 0.06009615384615385
0 0.46153846153846156 0.16947115384615385 0.23317307692307693 0.07211538461538461
0 0.46274038461538464 0.08173076923076923 0.23798076923076922 0.06490384615384616
0 0.46274038461538464 0.018028846153846152 0.25721153846153844 0.036057692307692304
0 0.44591346153846156 0.6814903846153846 0.24519230769230768 0.0625
0 0.44471153846153844 0.7680288461538461 0.24519230769230768 0.0673076923076923
0 0.4483173076923077 0.42908653846153844 0.2548076923076923 0.0673076923076923
0 0.4387019230769231 0.9411057692307693 0.2620192307692308 0.06971153846153846
0 0.4375 0.8545673076923077 0.25240384615384615 0.07211538461538461
0 0.4423076923076923 0.25600961538461536 0.2692307692307692 0.07211538461538461
0 0.43028846153846156 0.5985576923076923 0.27403846153846156 0.07451923076923077
0 0.16466346153846154 0.5060096153846154 0.2860576923076923 0.055288461538461536
0 0.16346153846153846 0.4182692307692308 0.2764423076923077 0.06009615384615385
0 0.16466346153846154 0.016826923076923076 0.2764423076923077 0.03365384615384615
0 0.14783653846153846 0.9350961538461539 0.2620192307692308 0.07451923076923077
0 0.15264423076923078 0.5913461538461539 0.25 0.06490384615384616
0 0.15745192307692307 0.07692307692307693 0.24759615384615385 0.06971153846153846
0 0.15384615384615385 0.24879807692307693 0.25 0.0625
0 0.14302884615384615 0.7596153846153846 0.2668269230769231 0.06971153846153846
0 0.14182692307692307 0.6730769230769231 0.25721153846153844 0.06490384615384616
0 0.13822115384615385 0.33653846153846156 0.21875 0.06490384615384616
0 0.13942307692307693 0.16346153846153846 0.21394230769230768 0.06490384615384616
0 0.125 0.8533653846153846 0.2283653846153846 0.06009615384615385
0 0.7944711538461539 0.02403846153846154 0.1346153846153846 0.036057692307692304
0 0.7908653846153846 0.09375 0.13942307692307693 0.06490384615384616
0 0.7788461538461539 0.6057692307692307 0.14423076923076922 0.06490384615384616
0 0.7764423076923077 0.6887019230769231 0.1466346153846154 0.0625
0 0.7860576923076923 0.17548076923076922 0.15144230769230768 0.06009615384615385
0 0.7752403846153846 0.7740384615384616 0.1466346153846154 0.06009615384615385
0 0.7764423076923077 0.5180288461538461 0.15384615384615385 0.0625
0 0.7704326923076923 0.8569711538461539 0.15865384615384615 0.0625
0 0.7668269230769231 0.9423076923076923 0.15865384615384615 0.05048076923076923
0 0.7776442307692307 0.26322115384615385 0.15384615384615385 0.0625
0 0.7752403846153846 0.3485576923076923 0.15625 0.057692307692307696
0 0.7728365384615384 0.4326923076923077 0.15865384615384615 0.06009615384615385