0 0.7115384615384616 0.046875 0.21875 0.0673076923076923
0 0.7067307692307693 0.12379807692307693 0.2283653846153846 0.057692307692307696
0 0.6983173076923077 0.21514423076923078 0.2283653846153846 0.0625
0 0.6887019230769231 0.8088942307692307 0.2091346153846154 0.057692307692307696
0 0.6875 0.7235576923076923 0.22355769230769232 0.06009615384615385
0 0.6923076923076923 0.38461538461538464 0.23076923076923078 0.06009615384615385
0 0.6790865384615384 0.5552884615384616 0.24519230769230768 0.06490384615384616
0 0.6802884615384616 0.4699519230769231 0.2403846153846154 0.07211538461538461
0 0.6754807692307693 0.6430288461538461 0.24519230769230768 0.057692307692307696
0 0.6802884615384616 0.30288461538461536 0.27163461538461536 0.06971153846153846
0 0.6694711538461539 0.8954326923076923 0.23317307692307693 0.0625
0 0.6658653846153846 0.9711538461538461 0.23076923076923078 0.052884615384615384
0 0.39903846153846156 0.8076923076923077 0.28846153846153844 0.06009615384615385
0 0.38822115384615385 0.9711538461538461 0.2932692307692308 0.052884615384615384
0 0.390625 0.8966346153846154 0.2668269230769231 0.0673076923076923
0 0.39903846153846156 0.38100961538461536 0.23557692307692307 0.0625
0 0.40384615384615385 0.040865384615384616 0.25721153846153844 0.06490384615384616
0 0.38341346153846156 0.7223557692307693 0.25 0.06009615384615385
0 0.39302884615384615 0.12740384615384615 0.2548076923076923 0.07211538461538461
0 0.3894230769230769 0.20552884615384615 0.23557692307692307 0.055288461538461536
0 0.38341346153846156 0.2920673076923077 0.24519230769230768 0.055288461538461536
0 0.37259615384615385 0.6382211538461539 0.23076923076923078 0.055288461538461536
0 0.375 0.46875 0.22115384615384615 0.057692307692307696
0 0.37259615384615385 0.5516826923076923 0.21394230769230768 0.06490384615384616
0 0.08533653846153846 0.03365384615384615 0.15144230769230768 0.0673076923076923
0 0.07091346153846154 0.6201923076923077 0.14182692307692307 0.06490384615384616
0 0.07572115384615384 0.3641826923076923 0.14182692307692307 0.0625
0 0.0733173076923077 0.44711538461538464 0.14182692307692307 0.07932692307692307
0 0.07572115384615384 0.27283653846153844 0.13942307692307693 0.07211538461538461
0 0.06971153846153846 0.7932692307692307 0.13942307692307693 0.0673076923076923
0 0.0673076923076923 0.7067307692307693 0.1346153846153846 0.0625
0 0.06850961538461539 0.5396634615384616 0.1346153846153846 0.0673076923076923
0 0.07451923076923077 0.19230769230769232 0.1346153846153846 0.06490384615384616
0 0.06490384615384616 0.8798076923076923 0.12980769230769232 0.07211538461538461
0 0.07572115384615384 0.10697115384615384 0.13221153846153846 0.0673076923076923
0 0.06129807692307692 0.9615384615384616 0.12259615384615384 0.0625