0 0.6310096153846154 0.7716346153846154 0.07932692307692307 0.1875
0 0.039663461538461536 0.71875 0.057692307692307696 0.1778846153846154
0 0.9591346153846154 0.796875 0.04567307692307692 0.19230769230769232
0 0.46634615384615385 0.7536057692307693 0.07692307692307693 0.19951923076923078
0 0.8858173076923077 0.7908653846153846 0.08173076923076923 0.19471153846153846
0 0.296875 0.7379807692307693 0.07692307692307693 0.20192307692307693
0 0.8016826923076923 0.7824519230769231 0.07692307692307693 0.20192307692307693
0 0.1310096153846154 0.7235576923076923 0.06971153846153846 0.1875
0 0.38341346153846156 0.7415865384615384 0.0625 0.20673076923076922
0 0.40865384615384615 0.5048076923076923 0.08173076923076923 0.2668269230769231
0 0.9807692307692307 0.5516826923076923 0.03365384615384615 0.23317307692307693
0 0.15264423076923078 0.4795673076923077 0.0889423076923077 0.2932692307692308
0 0.4951923076923077 0.5084134615384616 0.07932692307692307 0.29086538461538464
0 0.9158653846153846 0.5444711538461539 0.08413461538461539 0.24278846153846154
0 0.2439903846153846 0.4699519230769231 0.07932692307692307 0.25961538461538464
0 0.33052884615384615 0.47716346153846156 0.08413461538461539 0.25240384615384615
0 0.07451923076923077 0.44471153846153844 0.08173076923076923 0.25721153846153844
0 0.7475961538461539 0.5012019230769231 0.08173076923076923 0.24278846153846154
0 0.5841346153846154 0.4855769230769231 0.07451923076923077 0.23557692307692307
0 0.8377403846153846 0.5036057692307693 0.08173076923076923 0.2283653846153846
0 0.6670673076923077 0.484375 0.07932692307692307 0.22355769230769232
0 0.5264423076923077 0.13701923076923078 0.08173076923076923 0.23317307692307693
0 0.6129807692307693 0.13581730769230768 0.08173076923076923 0.25
0 0.6995192307692307 0.140625 0.07932692307692307 0.2403846153846154
0 0.8653846153846154 0.15264423076923078 0.09615384615384616 0.24519230769230768
0 0.359375 0.11658653846153846 0.08413461538461539 0.23317307692307693
0 0.44471153846153844 0.1201923076923077 0.09134615384615384 0.2403846153846154
0 0.9579326923076923 0.1622596153846154 0.07932692307692307 0.24759615384615385
0 0.2692307692307692 0.11177884615384616 0.08653846153846154 0.22355769230769232
0 0.0985576923076923 0.10336538461538461 0.08173076923076923 0.20673076923076922
0 0.18509615384615385 0.10576923076923077 0.08653846153846154 0.21153846153846154
0 0.7836538461538461 0.13822115384615385 0.0889423076923077 0.23076923076923078
0 0.5480769230769231 0.7800480769230769 0.07692307692307693 0.16105769230769232
0 0.21033653846153846 0.7451923076923077 0.07211538461538461 0.17307692307692307
0 0.7163461538461539 0.7872596153846154 0.0625 0.1658653846153846