0 0.6370192307692307 0.25961538461538464 0.06490384615384616 0.22355769230769232
0 0.8918269230769231 0.24879807692307693 0.07692307692307693 0.24278846153846154
0 0.9675480769230769 0.2439903846153846 0.04567307692307692 0.24759615384615385
0 0.8076923076923077 0.25961538461538464 0.07451923076923077 0.23798076923076922
0 0.20673076923076922 0.2920673076923077 0.07211538461538461 0.24278846153846154
0 0.12139423076923077 0.3004807692307692 0.07692307692307693 0.25240384615384615
0 0.037259615384615384 0.30528846153846156 0.07451923076923077 0.25961538461538464
0 0.5504807692307693 0.28365384615384615 0.07211538461538461 0.25240384615384615
0 0.7247596153846154 0.2764423076923077 0.07692307692307693 0.27163461538461536
0 0.3798076923076923 0.29447115384615385 0.07451923076923077 0.27163461538461536
0 0.4855769230769231 0.5588942307692307 0.06971153846153846 0.29086538461538464
0 0.9735576923076923 0.5420673076923077 0.04807692307692308 0.2668269230769231
0 0.13942307692307693 0.59375 0.06971153846153846 0.2548076923076923
0 0.7391826923076923 0.5649038461538461 0.06971153846153846 0.24278846153846154
0 0.22716346153846154 0.59375 0.07451923076923077 0.27163461538461536
0 0.6514423076923077 0.5877403846153846 0.06971153846153846 0.22115384615384615
0 0.8269230769230769 0.5829326923076923 0.07932692307692307 0.2403846153846154
0 0.4206730769230769 0.9146634615384616 0.07692307692307693 0.1658653846153846
0 0.33533653846153844 0.9170673076923077 0.08413461538461539 0.16105769230769232
0 0.2512019230769231 0.9206730769230769 0.0985576923076923 0.15384615384615385