0 0.13581730769230768 0.3004807692307692 0.07211538461538461 0.21875
0 0.055288461538461536 0.2956730769230769 0.07451923076923077 0.2283653846153846
0 0.2247596153846154 0.3125 0.08173076923076923 0.23317307692307693
0 0.7331730769230769 0.3605769230769231 0.07451923076923077 0.23076923076923078
0 0.8161057692307693 0.3713942307692308 0.07451923076923077 0.22115384615384615
0 0.3954326923076923 0.33533653846153844 0.07451923076923077 0.23317307692307693
0 0.5649038461538461 0.3557692307692308 0.08173076923076923 0.24519230769230768
0 0.4795673076923077 0.34975961538461536 0.08413461538461539 0.24759615384615385
0 0.9026442307692307 0.390625 0.07692307692307693 0.23557692307692307
0 0.9699519230769231 0.40384615384615385 0.055288461538461536 0.23076923076923078
0 0.3076923076923077 0.3473557692307692 0.08653846153846154 0.2860576923076923
0 0.6526442307692307 0.3798076923076923 0.08173076923076923 0.27163461538461536
0 0.796875 0.6514423076923077 0.08173076923076923 0.2980769230769231
0 0.8858173076923077 0.6658653846153846 0.08653846153846154 0.29086538461538464
0 0.9567307692307693 0.6790865384615384 0.07692307692307693 0.28846153846153844
0 0.03245192307692308 0.5985576923076923 0.06490384615384616 0.24519230769230768
0 0.37259615384615385 0.6310096153846154 0.07692307692307693 0.23557692307692307
0 0.19591346153846154 0.6177884615384616 0.06971153846153846 0.23317307692307693
0 0.7127403846153846 0.6646634615384616 0.07451923076923077 0.25240384615384615
0 0.11658653846153846 0.6129807692307693 0.0889423076923077 0.25721153846153844
0 0.28365384615384615 0.6370192307692307 0.07692307692307693 0.2620192307692308
0 0.6262019230769231 0.6682692307692307 0.06971153846153846 0.23798076923076922
0 0.4543269230769231 0.65625 0.06971153846153846 0.22596153846153846
0 0.5408653846153846 0.6658653846153846 0.07692307692307693 0.22355769230769232
0 0.5949519230769231 0.9459134615384616 0.07451923076923077 0.10336538461538461
0 0.5048076923076923 0.9459134615384616 0.08173076923076923 0.10336538461538461
0 0.3293269230769231 0.9302884615384616 0.07692307692307693 0.11298076923076923
0 0.7620192307692307 0.9555288461538461 0.07211538461538461 0.08413461538461539
0 0.4170673076923077 0.9399038461538461 0.08413461538461539 0.11057692307692307
0 0.018028846153846152 0.9026442307692307 0.036057692307692304 0.11298076923076923
0 0.6778846153846154 0.953125 0.07211538461538461 0.0889423076923077
0 0.24278846153846154 0.9254807692307693 0.07692307692307693 0.10817307692307693
0 0.9278846153846154 0.9663461538461539 0.07211538461538461 0.0625
0 0.15745192307692307 0.921875 0.07211538461538461 0.10096153846153846
0 0.84375 0.9639423076923077 0.07692307692307693 0.0673076923076923
0 0.07211538461538461 0.9146634615384616 0.07211538461538461 0.0985576923076923