0 0.5168269230769231 0.6911057692307693 0.07451923076923077 0.30528846153846156
0 0.030048076923076924 0.7151442307692307 0.04567307692307692 0.25240384615384615
0 0.6045673076923077 0.6826923076923077 0.07451923076923077 0.28125
0 0.8569711538461539 0.6670673076923077 0.07451923076923077 0.2860576923076923
0 0.0889423076923077 0.7019230769230769 0.06971153846153846 0.25240384615384615
0 0.6838942307692307 0.6598557692307693 0.07932692307692307 0.24519230769230768
0 0.7668269230769231 0.6538461538461539 0.07211538461538461 0.25
0 0.171875 0.6778846153846154 0.06490384615384616 0.2283653846153846
0 0.9375 0.6358173076923077 0.07692307692307693 0.25721153846153844
0 0.2620192307692308 0.6706730769230769 0.0673076923076923 0.23076923076923078
0 0.34134615384615385 0.6598557692307693 0.07211538461538461 0.23317307692307693
0 0.42908653846153844 0.6526442307692307 0.06971153846153846 0.23317307692307693
0 0.4987980769230769 0.3076923076923077 0.07211538461538461 0.23798076923076922
0 0.3269230769230769 0.31490384615384615 0.07451923076923077 0.22115384615384615
0 0.014423076923076924 0.328125 0.028846153846153848 0.25721153846153844
0 0.6694711538461539 0.28725961538461536 0.06971153846153846 0.2548076923076923
0 0.15264423076923078 0.3137019230769231 0.07932692307692307 0.24759615384615385
0 0.06610576923076923 0.31490384615384615 0.07451923076923077 0.2403846153846154
0 0.41346153846153844 0.2956730769230769 0.07451923076923077 0.2620192307692308
0 0.7572115384615384 0.27524038461538464 0.07692307692307693 0.25721153846153844
0 0.8389423076923077 0.26802884615384615 0.08173076923076923 0.25721153846153844
0 0.9254807692307693 0.2620192307692308 0.07692307692307693 0.25961538461538464
0 0.5865384615384616 0.27884615384615385 0.08173076923076923 0.2860576923076923
0 0.23918269230769232 0.28725961538461536 0.07932692307692307 0.2764423076923077
0 0.48197115384615385 0.08413461538461539 0.0625 0.16105769230769232
0 0.39302884615384615 0.07692307692307693 0.07451923076923077 0.14182692307692307
0 0.007211538461538462 0.09495192307692307 0.014423076923076924 0.13701923076923078
0 0.9146634615384616 0.054086538461538464 0.07932692307692307 0.10817307692307693
0 0.22235576923076922 0.078125 0.06490384615384616 0.1201923076923077
0 0.056490384615384616 0.08653846153846154 0.07932692307692307 0.12740384615384615
0 0.7403846153846154 0.057692307692307696 0.07211538461538461 0.11538461538461539
0 0.6574519230769231 0.057692307692307696 0.06971153846153846 0.11538461538461539
0 0.5673076923076923 0.05889423076923077 0.07692307692307693 0.11778846153846154
0 0.3088942307692308 0.052884615384615384 0.06971153846153846 0.08413461538461539
0 0.8305288461538461 0.03365384615384615 0.06490384615384616 0.0673076923076923
0 0.13822115384615385 0.057692307692307696 0.06490384615384616 0.07692307692307693