0 0.8810096153846154 0.6923076923076923 0.08653846153846154 0.25
0 0.109375 0.7439903846153846 0.07211538461538461 0.21394230769230768
0 0.6286057692307693 0.7055288461538461 0.06490384615384616 0.22355769230769232
0 0.7932692307692307 0.6887019230769231 0.0889423076923077 0.2403846153846154
0 0.042067307692307696 0.7439903846153846 0.057692307692307696 0.21875
0 0.7091346153846154 0.6971153846153846 0.07211538461538461 0.2283653846153846
0 0.20072115384615385 0.7307692307692307 0.06971153846153846 0.23317307692307693
0 0.2848557692307692 0.7247596153846154 0.0673076923076923 0.22355769230769232
0 0.96875 0.6670673076923077 0.057692307692307696 0.24278846153846154
0 0.5348557692307693 0.6959134615384616 0.07932692307692307 0.24278846153846154
0 0.36778846153846156 0.7091346153846154 0.07451923076923077 0.25240384615384615
0 0.45913461538461536 0.7007211538461539 0.07451923076923077 0.25240384615384615
0 0.7704326923076923 0.40024038461538464 0.08173076923076923 0.2764423076923077
0 0.5997596153846154 0.4110576923076923 0.08413461538461539 0.25961538461538464
0 0.0889423076923077 0.4423076923076923 0.07211538461538461 0.22355769230769232
0 0.4326923076923077 0.4182692307692308 0.07211538461538461 0.25721153846153844
0 0.1814903846153846 0.43028846153846156 0.07451923076923077 0.23798076923076922
0 0.026442307692307692 0.4423076923076923 0.052884615384615384 0.27403846153846156
0 0.34615384615384615 0.41586538461538464 0.07211538461538461 0.23557692307692307
0 0.6838942307692307 0.38341346153846156 0.06971153846153846 0.22355769230769232
0 0.2620192307692308 0.4110576923076923 0.07211538461538461 0.2283653846153846
0 0.5649038461538461 0.08413461538461539 0.08173076923076923 0.16826923076923078
0 0.6538461538461539 0.08413461538461539 0.07692307692307693 0.16826923076923078
0 0.48197115384615385 0.08653846153846154 0.08173076923076923 0.17307692307692307
0 0.7391826923076923 0.078125 0.07932692307692307 0.15625
0 0.9074519230769231 0.07211538461538461 0.09375 0.14423076923076922
0 0.8221153846153846 0.07451923076923077 0.08653846153846154 0.14903846153846154
0 0.39903846153846156 0.09014423076923077 0.07451923076923077 0.16826923076923078
0 0.23317307692307693 0.10216346153846154 0.07932692307692307 0.16346153846153846
0 0.1502403846153846 0.10817307692307693 0.07451923076923077 0.16826923076923078
0 0.01201923076923077 0.11298076923076923 0.02403846153846154 0.15865384615384615
0 0.06610576923076923 0.10576923076923077 0.06490384615384616 0.15144230769230768