0 0.19831730769230768 0.7908653846153846 0.13221153846153846 0.055288461538461536
0 0.19831730769230768 0.953125 0.15144230769230768 0.057692307692307696
0 0.2283653846153846 0.5336538461538461 0.16346153846153846 0.06009615384615385
0 0.4326923076923077 0.9639423076923077 0.3076923076923077 0.0673076923076923
0 0.5024038461538461 0.04447115384615385 0.2620192307692308 0.07451923076923077
0 0.484375 0.3858173076923077 0.23317307692307693 0.06971153846153846
0 0.4483173076923077 0.8966346153846154 0.27163461538461536 0.07692307692307693
0 0.5060096153846154 0.13341346153846154 0.2548076923076923 0.08173076923076923
0 0.5024038461538461 0.21394230769230768 0.23557692307692307 0.06490384615384616
0 0.46274038461538464 0.8088942307692307 0.2644230769230769 0.07451923076923077
0 0.4723557692307692 0.7271634615384616 0.24759615384615385 0.06971153846153846
0 0.5036057692307693 0.30288461538461536 0.24759615384615385 0.07451923076923077
0 0.4807692307692308 0.6430288461538461 0.23317307692307693 0.07451923076923077
0 0.4951923076923077 0.47475961538461536 0.22115384615384615 0.06971153846153846
0 0.5 0.5552884615384616 0.22596153846153846 0.07211538461538461
0 0.8221153846153846 0.7439903846153846 0.2283653846153846 0.06971153846153846
0 0.8088942307692307 0.9759615384615384 0.23317307692307693 0.04326923076923077
0 0.8509615384615384 0.39783653846153844 0.22596153846153846 0.06490384615384616
0 0.8581730769230769 0.3112980769230769 0.2283653846153846 0.07211538461538461
0 0.8209134615384616 0.9122596153846154 0.23076923076923078 0.07692307692307693
0 0.8665865384615384 0.22956730769230768 0.24278846153846154 0.0889423076923077
0 0.8293269230769231 0.8257211538461539 0.24759615384615385 0.07211538461538461
0 0.8461538461538461 0.6586538461538461 0.2644230769230769 0.07692307692307693
0 0.859375 0.4891826923076923 0.2692307692307692 0.08653846153846154
0 0.8509615384615384 0.5733173076923077 0.2620192307692308 0.07451923076923077
0 0.8774038461538461 0.05889423076923077 0.2403846153846154 0.08413461538461539
0 0.8737980769230769 0.1502403846153846 0.24759615384615385 0.0985576923076923