0 0.07091346153846154 0.6033653846153846 0.13701923076923078 0.057692307692307696
0 0.7103365384615384 0.9411057692307693 0.23317307692307693 0.06490384615384616
0 0.7043269230769231 0.09254807692307693 0.22115384615384615 0.06009615384615385
0 0.6971153846153846 0.17668269230769232 0.21153846153846154 0.06009615384615385
0 0.6971153846153846 0.8521634615384616 0.21153846153846154 0.06009615384615385
0 0.6959134615384616 0.3485576923076923 0.22355769230769232 0.057692307692307696
0 0.6935096153846154 0.021634615384615384 0.21875 0.03365384615384615
0 0.6923076923076923 0.7668269230769231 0.22115384615384615 0.06009615384615385
0 0.6935096153846154 0.42788461538461536 0.23317307692307693 0.0625
0 0.6899038461538461 0.5144230769230769 0.23076923076923078 0.057692307692307696
0 0.6875 0.25961538461538464 0.1971153846153846 0.057692307692307696
0 0.6802884615384616 0.6790865384615384 0.21634615384615385 0.06490384615384616
0 0.3870192307692308 0.34615384615384615 0.16826923076923078 0.057692307692307696
0 0.34615384615384615 0.5889423076923077 0.1875 0.057692307692307696
0 0.34615384615384615 0.6754807692307693 0.22115384615384615 0.0625
0 0.3425480769230769 0.25961538461538464 0.2091346153846154 0.0625
0 0.33653846153846156 0.7548076923076923 0.20192307692307693 0.0673076923076923
0 0.33413461538461536 0.171875 0.20673076923076922 0.06971153846153846
0 0.33413461538461536 0.5108173076923077 0.19230769230769232 0.06009615384615385
0 0.328125 0.016826923076923076 0.2091346153846154 0.028846153846153848
0 0.3173076923076923 0.42427884615384615 0.21153846153846154 0.06009615384615385
0 0.31490384615384615 0.08413461538461539 0.21634615384615385 0.057692307692307696
0 0.3112980769230769 0.84375 0.2283653846153846 0.06971153846153846
0 0.20192307692307693 0.03365384615384615 0.15384615384615385 0.0625
0 0.09134615384615384 0.5168269230769231 0.15384615384615385 0.052884615384615384
0 0.08653846153846154 0.25721153846153844 0.16346153846153846 0.057692307692307696
0 0.07932692307692307 0.3485576923076923 0.15865384615384615 0.0673076923076923