0 0.4795673076923077 0.3088942307692308 0.07932692307692307 0.30528846153846156
0 0.9663461538461539 0.2764423076923077 0.05048076923076923 0.25240384615384615
0 0.3918269230769231 0.31971153846153844 0.07932692307692307 0.28125
0 0.140625 0.3401442307692308 0.07932692307692307 0.2860576923076923
0 0.9074519230769231 0.29086538461538464 0.07451923076923077 0.25240384615384615
0 0.3137019230769231 0.34375 0.08413461538461539 0.24759615384615385
0 0.23076923076923078 0.35096153846153844 0.07692307692307693 0.25
0 0.8245192307692307 0.3161057692307692 0.06971153846153846 0.2283653846153846
0 0.06009615384615385 0.3713942307692308 0.07932692307692307 0.25961538461538464
0 0.734375 0.32572115384615385 0.07211538461538461 0.23076923076923078
0 0.65625 0.33774038461538464 0.07692307692307693 0.23557692307692307
0 0.5685096153846154 0.34615384615384615 0.07451923076923077 0.23317307692307693
0 0.5048076923076923 0.6923076923076923 0.07692307692307693 0.2403846153846154
0 0.6766826923076923 0.6814903846153846 0.07692307692307693 0.22355769230769232
0 0.9855769230769231 0.6634615384615384 0.02403846153846154 0.25961538461538464
0 0.33413461538461536 0.7151442307692307 0.07451923076923077 0.2548076923076923
0 0.8497596153846154 0.6802884615384616 0.08413461538461539 0.25
0 0.9362980769230769 0.6778846153846154 0.07932692307692307 0.24278846153846154
0 0.5901442307692307 0.703125 0.07692307692307693 0.2620192307692308
0 0.24639423076923078 0.7295673076923077 0.07932692307692307 0.25961538461538464
0 0.16466346153846154 0.7379807692307693 0.08413461538461539 0.25961538461538464
0 0.078125 0.7451923076923077 0.07932692307692307 0.2620192307692308
0 0.4170673076923077 0.7223557692307693 0.08653846153846154 0.28846153846153844
0 0.7644230769230769 0.7079326923076923 0.08413461538461539 0.27884615384615385
0 0.5252403846153846 0.9146634615384616 0.0673076923076923 0.16105769230769232
0 0.6141826923076923 0.9206730769230769 0.07692307692307693 0.14423076923076922
0 0.09615384615384616 0.9483173076923077 0.08173076923076923 0.0985576923076923
0 0.7848557692307693 0.9170673076923077 0.06490384615384616 0.12259615384615384
0 0.9495192307692307 0.90625 0.07932692307692307 0.12740384615384615
0 0.2692307692307692 0.9435096153846154 0.07211538461538461 0.10817307692307693
0 0.35216346153846156 0.9435096153846154 0.06971153846153846 0.10817307692307693
0 0.4411057692307692 0.9411057692307693 0.07932692307692307 0.11298076923076923
0 0.6983173076923077 0.9435096153846154 0.06971153846153846 0.08653846153846154
0 0.17908653846153846 0.96875 0.06490384615384616 0.057692307692307696
0 0.8689903846153846 0.9350961538461539 0.06490384615384616 0.07932692307692307