0 0.49158653846153844 0.3389423076923077 0.07692307692307693 0.28846153846153844
0 0.24278846153846154 0.3293269230769231 0.07932692307692307 0.27884615384615385
0 0.41225961538461536 0.3401442307692308 0.06490384615384616 0.23557692307692307
0 0.06129807692307692 0.3269230769230769 0.07451923076923077 0.22596153846153846
0 0.5733173076923077 0.35697115384615385 0.08413461538461539 0.25721153846153844
0 0.15144230769230768 0.34134615384615385 0.07211538461538461 0.22596153846153846
0 0.9783653846153846 0.3858173076923077 0.038461538461538464 0.2283653846153846
0 0.9134615384615384 0.38221153846153844 0.07451923076923077 0.2283653846153846
0 0.65625 0.3701923076923077 0.06971153846153846 0.22115384615384615
0 0.8293269230769231 0.3798076923076923 0.07451923076923077 0.2283653846153846
0 0.7427884615384616 0.38221153846153844 0.06971153846153846 0.20432692307692307
0 0.32572115384615385 0.3641826923076923 0.06971153846153846 0.20673076923076922
0 0.23197115384615385 0.6971153846153846 0.08413461538461539 0.23076923076923078
0 0.39783653846153844 0.7091346153846154 0.0625 0.2091346153846154
0 0.31971153846153844 0.7043269230769231 0.07211538461538461 0.24759615384615385
0 0.7271634615384616 0.7319711538461539 0.07211538461538461 0.21634615384615385
0 0.96875 0.7475961538461539 0.04567307692307692 0.21634615384615385
0 0.05889423076923077 0.7007211538461539 0.06971153846153846 0.24759615384615385
0 0.8185096153846154 0.7415865384615384 0.07692307692307693 0.25
0 0.47836538461538464 0.7247596153846154 0.07451923076923077 0.23798076923076922
0 0.6466346153846154 0.7379807692307693 0.0673076923076923 0.27403846153846156
0 0.9014423076923077 0.7512019230769231 0.06009615384615385 0.25
0 0.5649038461538461 0.7391826923076923 0.07451923076923077 0.24759615384615385
0 0.14302884615384615 0.7175480769230769 0.07211538461538461 0.24759615384615385
0 0.4579326923076923 0.9338942307692307 0.06490384615384616 0.12740384615384615
0 0.039663461538461536 0.9098557692307693 0.07211538461538461 0.12980769230769232
0 0.5504807692307693 0.9362980769230769 0.07211538461538461 0.12259615384615384
0 0.7992788461538461 0.9423076923076923 0.06971153846153846 0.11057692307692307
0 0.9567307692307693 0.9519230769230769 0.04807692307692308 0.09134615384615384
0 0.6298076923076923 0.9471153846153846 0.07211538461538461 0.10096153846153846
0 0.8822115384615384 0.9591346153846154 0.07692307692307693 0.07692307692307693
0 0.7175480769230769 0.9603365384615384 0.06490384615384616 0.07451923076923077
0 0.3737980769230769 0.9507211538461539 0.06971153846153846 0.08413461538461539
0 0.28725961538461536 0.9507211538461539 0.06009615384615385 0.07451923076923077
0 0.125 0.9423076923076923 0.0673076923076923 0.07451923076923077
0 0.20552884615384615 0.9495192307692307 0.057692307692307696 0.06971153846153846