0 0.9567307692307693 0.2824519230769231 0.057692307692307696 0.21394230769230768
0 0.875 0.28725961538461536 0.0625 0.21875
0 0.7884615384615384 0.28966346153846156 0.0625 0.23317307692307693
0 0.1935096153846154 0.2920673076923077 0.055288461538461536 0.21394230769230768
0 0.27884615384615385 0.2932692307692308 0.057692307692307696 0.23076923076923078
0 0.6189903846153846 0.2932692307692308 0.055288461538461536 0.23076923076923078
0 0.5324519230769231 0.30288461538461536 0.06009615384615385 0.2403846153846154
0 0.4483173076923077 0.30408653846153844 0.06009615384615385 0.23798076923076922
0 0.028846153846153848 0.3076923076923077 0.057692307692307696 0.22596153846153846
0 0.6971153846153846 0.3088942307692308 0.0673076923076923 0.28125
0 0.10697115384615384 0.3088942307692308 0.055288461538461536 0.2283653846153846
0 0.3605769230769231 0.31971153846153844 0.0625 0.2692307692307692
0 0.19230769230769232 0.5721153846153846 0.057692307692307696 0.28846153846153844
0 0.026442307692307692 0.5817307692307693 0.052884615384615384 0.28846153846153844
0 0.10096153846153846 0.5829326923076923 0.0625 0.2860576923076923
0 0.9627403846153846 0.5901442307692307 0.05048076923076923 0.24278846153846154
0 0.7920673076923077 0.59375 0.05048076923076923 0.23076923076923078
0 0.703125 0.5961538461538461 0.05048076923076923 0.2403846153846154
0 0.8701923076923077 0.5961538461538461 0.0673076923076923 0.2548076923076923
0 0.6141826923076923 0.5973557692307693 0.06009615384615385 0.2283653846153846
0 0.27403846153846156 0.5985576923076923 0.052884615384615384 0.24519230769230768
0 0.3605769230769231 0.6081730769230769 0.052884615384615384 0.23557692307692307
0 0.5324519230769231 0.609375 0.05048076923076923 0.22355769230769232
0 0.44350961538461536 0.6117788461538461 0.06009615384615385 0.22355769230769232
0 0.6310096153846154 0.9182692307692307 0.06490384615384616 0.15865384615384615
0 0.3701923076923077 0.9194711538461539 0.0673076923076923 0.15625
0 0.5444711538461539 0.9206730769230769 0.06971153846153846 0.15384615384615385
0 0.96875 0.9206730769230769 0.057692307692307696 0.15384615384615385
0 0.28365384615384615 0.921875 0.057692307692307696 0.15144230769230768
0 0.4543269230769231 0.921875 0.0673076923076923 0.15144230769230768
0 0.8834134615384616 0.921875 0.06490384615384616 0.15144230769230768
0 0.203125 0.9206730769230769 0.06971153846153846 0.15384615384615385
0 0.7992788461538461 0.921875 0.06971153846153846 0.15144230769230768
0 0.7175480769230769 0.9230769230769231 0.06490384615384616 0.14903846153846154
0 0.03365384615384615 0.9242788461538461 0.0625 0.1466346153846154
0 0.11538461538461539 0.9242788461538461 0.0673076923076923 0.1466346153846154