0 0.41346153846153844 0.5216346153846154 0.07451923076923077 0.21394230769230768
0 0.25 0.5024038461538461 0.07692307692307693 0.23557692307692307
0 0.33653846153846156 0.4987980769230769 0.07211538461538461 0.21153846153846154
0 0.7475961538461539 0.5264423076923077 0.07451923076923077 0.23076923076923078
0 0.4963942307692308 0.5060096153846154 0.08413461538461539 0.21394230769230768
0 0.8353365384615384 0.5276442307692307 0.07932692307692307 0.24759615384615385
0 0.6682692307692307 0.5120192307692307 0.06971153846153846 0.25721153846153844
0 0.9182692307692307 0.5288461538461539 0.07211538461538461 0.24759615384615385
0 0.08173076923076923 0.4675480769230769 0.07211538461538461 0.24519230769230768
0 0.5841346153846154 0.4987980769230769 0.07451923076923077 0.25240384615384615
0 0.1622596153846154 0.45072115384615385 0.08653846153846154 0.23317307692307693
0 0.8473557692307693 0.24519230769230768 0.07932692307692307 0.2860576923076923
0 0.9879807692307693 0.25 0.019230769230769232 0.27403846153846156
0 0.9338942307692307 0.2403846153846154 0.07211538461538461 0.24519230769230768
0 0.6778846153846154 0.22115384615384615 0.07211538461538461 0.24759615384615385
0 0.5060096153846154 0.20673076923076922 0.07451923076923077 0.25721153846153844
0 0.5961538461538461 0.21153846153846154 0.06971153846153846 0.22596153846153846
0 0.08653846153846154 0.17548076923076922 0.06971153846153846 0.25961538461538464
0 0.7644230769230769 0.21995192307692307 0.08173076923076923 0.24519230769230768
0 0.42427884615384615 0.19230769230769232 0.07211538461538461 0.2403846153846154
0 0.17307692307692307 0.17427884615384615 0.0625 0.22115384615384615
0 0.25961538461538464 0.17668269230769232 0.0673076923076923 0.21875
0 0.34375 0.18028846153846154 0.06971153846153846 0.2283653846153846
0 0.04567307692307692 0.78125 0.06490384615384616 0.08653846153846154
0 0.1310096153846154 0.7836538461538461 0.0625 0.0889423076923077
0 0.8112980769230769 0.8293269230769231 0.0673076923076923 0.0985576923076923
0 0.7247596153846154 0.8197115384615384 0.0625 0.10096153846153846
0 0.9002403846153846 0.8317307692307693 0.07211538461538461 0.10576923076923077
0 0.5564903846153846 0.8064903846153846 0.0673076923076923 0.10817307692307693
0 0.22115384615384615 0.7824519230769231 0.07692307692307693 0.10817307692307693
0 0.6382211538461539 0.8112980769230769 0.0625 0.10817307692307693
0 0.9651442307692307 0.8341346153846154 0.028846153846153848 0.12259615384615384
0 0.46875 0.7980769230769231 0.0673076923076923 0.10336538461538461
0 0.3870192307692308 0.7920673076923077 0.057692307692307696 0.10096153846153846
0 0.3016826923076923 0.7860576923076923 0.06971153846153846 0.0985576923076923