0 0.7572115384615384 0.2704326923076923 0.0673076923076923 0.21634615384615385
0 0.25961538461538464 0.2403846153846154 0.06971153846153846 0.21634615384615385
0 0.16826923076923078 0.24158653846153846 0.07932692307692307 0.23317307692307693
0 0.08413461538461539 0.23677884615384615 0.0673076923076923 0.22355769230769232
0 0.5108173076923077 0.2692307692307692 0.07451923076923077 0.23317307692307693
0 0.3449519230769231 0.2608173076923077 0.09134615384615384 0.24759615384615385
0 0.4230769230769231 0.26802884615384615 0.07211538461538461 0.23798076923076922
0 0.41586538461538464 0.3858173076923077 0.09375 0.46875
0 0.4987980769230769 0.43028846153846156 0.09375 0.4735576923076923
0 0.24158653846153846 0.5348557692307693 0.07451923076923077 0.2620192307692308
0 0.33052884615384615 0.5408653846153846 0.07932692307692307 0.25
0 0.6658653846153846 0.5721153846153846 0.07932692307692307 0.2644230769230769
0 0.06971153846153846 0.5396634615384616 0.07692307692307693 0.25721153846153844
0 0.5805288461538461 0.578125 0.07211538461538461 0.2283653846153846
0 0.8389423076923077 0.6009615384615384 0.06009615384615385 0.22355769230769232
0 0.46875 0.8978365384615384 0.07451923076923077 0.20192307692307693
0 0.38100961538461536 0.8918269230769231 0.07451923076923077 0.19230769230769232
0 0.29927884615384615 0.8882211538461539 0.07211538461538461 0.19471153846153846
0 0.7223557692307693 0.9122596153846154 0.0889423076923077 0.17067307692307693
0 0.6418269230769231 0.9074519230769231 0.07692307692307693 0.18028846153846154
0 0.8112980769230769 0.9134615384615384 0.08413461538461539 0.16826923076923078
0 0.12740384615384615 0.8786057692307693 0.08173076923076923 0.1875
0 0.21153846153846154 0.8846153846153846 0.07692307692307693 0.1875