0 0.7620192307692307 0.8221153846153846 0.055288461538461536 0.0985576923076923
0 0.5961538461538461 0.7908653846153846 0.06490384615384616 0.14182692307692307
0 0.5144230769230769 0.6021634615384616 0.07692307692307693 0.29086538461538464
0 0.6887019230769231 0.5901442307692307 0.07451923076923077 0.24759615384615385
0 0.5997596153846154 0.5865384615384616 0.07451923076923077 0.23798076923076922
0 0.03245192307692308 0.5456730769230769 0.06490384615384616 0.25961538461538464
0 0.09134615384615384 0.5480769230769231 0.06971153846153846 0.25240384615384615
0 0.8653846153846154 0.5997596153846154 0.07211538461538461 0.25721153846153844
0 0.2668269230769231 0.5564903846153846 0.06971153846153846 0.25240384615384615
0 0.7716346153846154 0.5877403846153846 0.08413461538461539 0.2764423076923077
0 0.3545673076923077 0.5456730769230769 0.07211538461538461 0.21875
0 0.18389423076923078 0.5324519230769231 0.08413461538461539 0.23798076923076922
0 0.8040865384615384 0.22596153846153846 0.07211538461538461 0.22596153846153846
0 0.96875 0.2247596153846154 0.057692307692307696 0.24759615384615385
0 0.8954326923076923 0.22115384615384615 0.08413461538461539 0.2548076923076923
0 0.6310096153846154 0.1814903846153846 0.07932692307692307 0.30528846153846156
0 0.7199519230769231 0.18870192307692307 0.07692307692307693 0.28846153846153844