0 0.7704326923076923 0.17908653846153846 0.13221153846153846 0.05048076923076923
0 0.7524038461538461 0.02283653846153846 0.15384615384615385 0.04567307692307692
0 0.765625 0.4375 0.16346153846153846 0.052884615384615384
0 0.5204326923076923 0.030048076923076924 0.30528846153846156 0.06009615384615385
0 0.5444711538461539 0.953125 0.2620192307692308 0.06971153846153846
0 0.5276442307692307 0.6117788461538461 0.23317307692307693 0.06009615384615385
0 0.5096153846153846 0.10096153846153846 0.27163461538461536 0.0673076923076923
0 0.5324519230769231 0.8653846153846154 0.25240384615384615 0.07451923076923077
0 0.5276442307692307 0.7848557692307693 0.23557692307692307 0.055288461538461536
0 0.5048076923076923 0.18870192307692307 0.2644230769230769 0.06490384615384616
0 0.5036057692307693 0.27163461538461536 0.24759615384615385 0.0625
0 0.5168269230769231 0.6971153846153846 0.24759615384615385 0.0673076923076923
0 0.5048076923076923 0.3557692307692308 0.23317307692307693 0.06490384615384616
0 0.5072115384615384 0.5252403846153846 0.22115384615384615 0.0625
0 0.49399038461538464 0.44471153846153844 0.22596153846153846 0.06490384615384616
0 0.15384615384615385 0.29086538461538464 0.2283653846153846 0.06009615384615385
0 0.14302884615384615 0.042067307692307696 0.2283653846153846 0.0673076923076923
0 0.1622596153846154 0.6382211538461539 0.22596153846153846 0.057692307692307696
0 0.16346153846153846 0.7247596153846154 0.2283653846153846 0.0625
0 0.13822115384615385 0.12259615384615384 0.2283653846153846 0.06971153846153846
0 0.16346153846153846 0.8076923076923077 0.2403846153846154 0.07932692307692307
0 0.13822115384615385 0.21033653846153846 0.24759615384615385 0.06490384615384616
0 0.13822115384615385 0.37740384615384615 0.2644230769230769 0.0673076923076923
0 0.14302884615384615 0.5480769230769231 0.2668269230769231 0.07692307692307693
0 0.14302884615384615 0.4639423076923077 0.2620192307692308 0.0673076923076923
0 0.15865384615384615 0.9711538461538461 0.2692307692307692 0.052884615384615384
0 0.15384615384615385 0.8894230769230769 0.2644230769230769 0.08653846153846154