0 0.5132211538461539 0.6165865384615384 0.07692307692307693 0.22115384615384615
0 0.34134615384615385 0.5961538461538461 0.07932692307692307 0.2283653846153846
0 0.17067307692307693 0.5829326923076923 0.08173076923076923 0.2403846153846154
0 0.08413461538461539 0.5757211538461539 0.07692307692307693 0.24278846153846154
0 0.021634615384615384 0.5697115384615384 0.04326923076923077 0.25961538461538464
0 0.6802884615384616 0.6117788461538461 0.06971153846153846 0.23317307692307693
0 0.42788461538461536 0.5925480769230769 0.07451923076923077 0.24759615384615385
0 0.8533653846153846 0.6189903846153846 0.08413461538461539 0.2548076923076923
0 0.7716346153846154 0.6117788461538461 0.07932692307692307 0.24278846153846154
0 0.9411057692307693 0.6225961538461539 0.08173076923076923 0.25961538461538464
0 0.25600961538461536 0.5697115384615384 0.08173076923076923 0.27403846153846156
0 0.5985576923076923 0.5925480769230769 0.07932692307692307 0.2692307692307692
0 0.5264423076923077 0.32091346153846156 0.07211538461538461 0.29086538461538464
0 0.4423076923076923 0.3112980769230769 0.07451923076923077 0.28846153846153844
0 0.27524038461538464 0.29927884615384615 0.06971153846153846 0.2283653846153846
0 0.036057692307692304 0.27524038461538464 0.057692307692307696 0.2668269230769231
0 0.1045673076923077 0.27524038461538464 0.08173076923076923 0.2548076923076923
0 0.9615384615384616 0.33413461538461536 0.07211538461538461 0.25961538461538464
0 0.6141826923076923 0.3076923076923077 0.07451923076923077 0.25240384615384615
0 0.7848557692307693 0.3173076923076923 0.08173076923076923 0.27884615384615385
0 0.7019230769230769 0.3088942307692308 0.07692307692307693 0.25240384615384615
0 0.3641826923076923 0.2776442307692308 0.07211538461538461 0.21634615384615385
0 0.19471153846153846 0.2644230769230769 0.07451923076923077 0.21634615384615385
0 0.8786057692307693 0.30649038461538464 0.08173076923076923 0.23317307692307693