0 0.08052884615384616 0.23918269230769232 0.14182692307692307 0.06971153846153846
0 0.06490384615384616 0.32091346153846156 0.11538461538461539 0.0673076923076923
0 0.7103365384615384 0.6033653846153846 0.2764423076923077 0.07211538461538461
0 0.7283653846153846 0.02403846153846154 0.25 0.04326923076923077
0 0.7235576923076923 0.08413461538461539 0.25240384615384615 0.0673076923076923
0 0.6971153846153846 0.5120192307692307 0.25721153846153844 0.0673076923076923
0 0.6887019230769231 0.6850961538461539 0.23798076923076922 0.07211538461538461
0 0.6814903846153846 0.765625 0.24519230769230768 0.06971153846153846
0 0.7019230769230769 0.17067307692307693 0.2283653846153846 0.06009615384615385
0 0.6694711538461539 0.9411057692307693 0.25240384615384615 0.06971153846153846
0 0.6850961538461539 0.4266826923076923 0.24278846153846154 0.06490384615384616
0 0.3329326923076923 0.3329326923076923 0.22355769230769232 0.06490384615384616
0 0.3389423076923077 0.0733173076923077 0.24278846153846154 0.06971153846153846
0 0.3317307692307692 0.15625 0.24278846153846154 0.0673076923076923
0 0.31971153846153844 0.4182692307692308 0.25721153846153844 0.06971153846153846
0 0.30528846153846156 0.7644230769230769 0.24759615384615385 0.06971153846153846
0 0.3016826923076923 0.9326923076923077 0.25721153846153844 0.06971153846153846
0 0.3004807692307692 0.8461538461538461 0.25240384615384615 0.07692307692307693
0 0.3173076923076923 0.24879807692307693 0.2644230769230769 0.07211538461538461
0 0.21754807692307693 0.5829326923076923 0.43509615384615385 0.07932692307692307
0 0.0733173076923077 0.75 0.1466346153846154 0.0625
0 0.07091346153846154 0.8317307692307693 0.14182692307692307 0.0625