0 0.5120192307692307 0.6165865384615384 0.08173076923076923 0.22115384615384615
0 0.3401442307692308 0.59375 0.08413461538461539 0.2283653846153846
0 0.16826923076923078 0.5769230769230769 0.08413461538461539 0.2403846153846154
0 0.0829326923076923 0.5685096153846154 0.08173076923076923 0.24278846153846154
0 0.021634615384615384 0.5625 0.04326923076923077 0.25961538461538464
0 0.6778846153846154 0.6141826923076923 0.07211538461538461 0.23557692307692307
0 0.4266826923076923 0.5913461538461539 0.07932692307692307 0.25
0 0.8509615384615384 0.625 0.0889423076923077 0.2548076923076923
0 0.7692307692307693 0.6165865384615384 0.08413461538461539 0.24278846153846154
0 0.9387019230769231 0.6298076923076923 0.08653846153846154 0.25961538461538464
0 0.2548076923076923 0.5649038461538461 0.08653846153846154 0.27403846153846156
0 0.5961538461538461 0.59375 0.08413461538461539 0.27163461538461536
0 0.5300480769230769 0.32211538461538464 0.07692307692307693 0.29086538461538464
0 0.44591346153846156 0.31009615384615385 0.07932692307692307 0.29086538461538464
0 0.27884615384615385 0.29447115384615385 0.07211538461538461 0.23076923076923078
0 0.039663461538461536 0.2668269230769231 0.0625 0.2668269230769231
0 0.109375 0.26802884615384615 0.08653846153846154 0.2548076923076923
0 0.9615384615384616 0.34134615384615385 0.07211538461538461 0.25961538461538464
0 0.6177884615384616 0.31009615384615385 0.07932692307692307 0.2548076923076923
0 0.7884615384615384 0.32211538461538464 0.08653846153846154 0.27884615384615385
0 0.7055288461538461 0.3125 0.08173076923076923 0.2548076923076923
0 0.36778846153846156 0.27524038461538464 0.07692307692307693 0.21875
0 0.19951923076923078 0.25841346153846156 0.07932692307692307 0.21634615384615385
0 0.8822115384615384 0.3125 0.08413461538461539 0.23317307692307693