0 0.5228365384615384 0.5865384615384616 0.21153846153846154 0.07211538461538461
0 0.5060096153846154 0.75 0.23317307692307693 0.07211538461538461
0 0.5024038461538461 0.6634615384615384 0.21153846153846154 0.06971153846153846
0 0.5228365384615384 0.25240384615384615 0.2283653846153846 0.07211538461538461
0 0.5060096153846154 0.5036057692307693 0.21153846153846154 0.08173076923076923
0 0.5216346153846154 0.16466346153846154 0.24519230769230768 0.07451923076923077
0 0.5084134615384616 0.3317307692307692 0.25721153846153844 0.0673076923076923
0 0.5216346153846154 0.08052884615384616 0.24759615384615385 0.0673076923076923
0 0.47475961538461536 0.9182692307692307 0.24519230769230768 0.0673076923076923
0 0.49759615384615385 0.41586538461538464 0.25240384615384615 0.06971153846153846
0 0.4567307692307692 0.8389423076923077 0.23076923076923078 0.08173076923076923
0 0.23918269230769232 0.15745192307692307 0.2860576923076923 0.07451923076923077
0 0.23918269230769232 0.013221153846153846 0.27163461538461536 0.026442307692307692
0 0.23197115384615385 0.07091346153846154 0.24519230769230768 0.0673076923076923
0 0.21754807692307693 0.328125 0.24759615384615385 0.0673076923076923
0 0.20673076923076922 0.4987980769230769 0.25721153846153844 0.07211538461538461
0 0.21033653846153846 0.40865384615384615 0.22596153846153846 0.0673076923076923
0 0.18269230769230768 0.9194711538461539 0.25961538461538464 0.0673076923076923
0 0.21514423076923078 0.2403846153846154 0.24278846153846154 0.07692307692307693
0 0.1935096153846154 0.5817307692307693 0.2403846153846154 0.0673076923076923
0 0.18028846153846154 0.8317307692307693 0.22115384615384615 0.06009615384615385
0 0.1814903846153846 0.7451923076923077 0.21875 0.06490384615384616
0 0.18389423076923078 0.6610576923076923 0.2283653846153846 0.06490384615384616
0 0.7896634615384616 0.9495192307692307 0.08413461538461539 0.06490384615384616
0 0.7896634615384616 0.8641826923076923 0.08653846153846154 0.0625
0 0.8233173076923077 0.18389423076923078 0.09615384615384616 0.06490384615384616
0 0.8149038461538461 0.2692307692307692 0.0985576923076923 0.06009615384615385
0 0.8245192307692307 0.09495192307692307 0.10336538461538461 0.06971153846153846
0 0.8052884615384616 0.4375 0.10576923076923077 0.06490384615384616
0 0.7872596153846154 0.7740384615384616 0.10576923076923077 0.07451923076923077
0 0.8088942307692307 0.3557692307692308 0.10817307692307693 0.06009615384615385
0 0.8257211538461539 0.030048076923076924 0.1201923076923077 0.028846153846153848
0 0.7980769230769231 0.5264423076923077 0.10096153846153846 0.06490384615384616
0 0.7944711538461539 0.6081730769230769 0.10096153846153846 0.055288461538461536
0 0.7896634615384616 0.6935096153846154 0.09615384615384616 0.0673076923076923