0 0.5144230769230769 0.6574519230769231 0.0625 0.29086538461538464
0 0.7692307692307693 0.6454326923076923 0.0625 0.2764423076923077
0 0.9495192307692307 0.6418269230769231 0.0625 0.22596153846153846
0 0.025240384615384616 0.6370192307692307 0.040865384615384616 0.22596153846153846
0 0.5973557692307693 0.6346153846153846 0.055288461538461536 0.23076923076923078
0 0.09375 0.6346153846153846 0.0625 0.23076923076923078
0 0.18028846153846154 0.6334134615384616 0.0625 0.22355769230769232
0 0.8521634615384616 0.6322115384615384 0.06009615384615385 0.21153846153846154
0 0.35216346153846156 0.6310096153846154 0.06009615384615385 0.2283653846153846
0 0.42908653846153844 0.6310096153846154 0.06971153846153846 0.23798076923076922
0 0.2620192307692308 0.6189903846153846 0.057692307692307696 0.2091346153846154
0 0.6814903846153846 0.6141826923076923 0.06490384615384616 0.2091346153846154
0 0.5889423076923077 0.28725961538461536 0.0625 0.21875
0 0.7560096153846154 0.28125 0.06971153846153846 0.23076923076923078
0 0.25600961538461536 0.2776442307692308 0.06490384615384616 0.21875
0 0.6706730769230769 0.27524038461538464 0.0625 0.24759615384615385
0 0.515625 0.26802884615384615 0.06009615384615385 0.21394230769230768
0 0.016826923076923076 0.26802884615384615 0.03365384615384615 0.21394230769230768
0 0.16947115384615385 0.2668269230769231 0.06009615384615385 0.24519230769230768
0 0.3401442307692308 0.2644230769230769 0.06009615384615385 0.25
0 0.0829326923076923 0.2620192307692308 0.055288461538461536 0.23557692307692307
0 0.421875 0.2608173076923077 0.06490384615384616 0.23798076923076922
0 0.9290865384615384 0.25240384615384615 0.06490384615384616 0.24519230769230768
0 0.8497596153846154 0.24158653846153846 0.06490384615384616 0.22355769230769232
0 0.5216346153846154 0.06370192307692307 0.0625 0.12259615384615384
0 0.4266826923076923 0.05889423076923077 0.06009615384615385 0.11298076923076923
0 0.18028846153846154 0.05889423076923077 0.0625 0.11298076923076923
0 0.9435096153846154 0.05889423076923077 0.06490384615384616 0.11298076923076923
0 0.021634615384615384 0.052884615384615384 0.04326923076923077 0.10096153846153846
0 0.35216346153846156 0.04927884615384615 0.06490384615384616 0.09375
0 0.6021634615384616 0.04447115384615385 0.06490384615384616 0.08413461538461539
0 0.09615384615384616 0.04447115384615385 0.0625 0.08413461538461539
0 0.2608173076923077 0.040865384615384616 0.05048076923076923 0.07692307692307693
0 0.8557692307692307 0.03485576923076923 0.057692307692307696 0.06490384615384616
0 0.7692307692307693 0.030048076923076924 0.057692307692307696 0.055288461538461536
0 0.4362980769230769 0.8257211538461539 0.05048076923076923 0.055288461538461536
0 0.3473557692307692 0.8245192307692307 0.04567307692307692 0.04807692307692308