0 0.25 0.49759615384615385 0.2091346153846154 0.07451923076923077
0 0.27403846153846156 0.6694711538461539 0.21634615384615385 0.07211538461538461
0 0.2980769230769231 0.9278846153846154 0.23076923076923078 0.07211538461538461
0 0.3088942307692308 0.9795673076923077 0.23798076923076922 0.036057692307692304
0 0.25 0.328125 0.23798076923076922 0.07451923076923077
0 0.2956730769230769 0.84375 0.23076923076923078 0.07692307692307693
0 0.2403846153846154 0.15625 0.25 0.0889423076923077
0 0.2800480769230769 0.5793269230769231 0.24759615384615385 0.08173076923076923
0 0.23557692307692307 0.06971153846153846 0.2548076923076923 0.07932692307692307
0 0.25 0.23798076923076922 0.24519230769230768 0.08173076923076923
0 0.2668269230769231 0.4110576923076923 0.24759615384615385 0.07692307692307693
0 0.3004807692307692 0.7548076923076923 0.2548076923076923 0.08173076923076923
0 0.5384615384615384 0.47716346153846156 0.3004807692307692 0.07932692307692307
0 0.5576923076923077 0.5600961538461539 0.2956730769230769 0.08653846153846154
0 0.59375 0.8954326923076923 0.2620192307692308 0.08653846153846154
0 0.5540865384615384 0.3918269230769231 0.25240384615384615 0.08413461538461539
0 0.6045673076923077 0.9663461538461539 0.27163461538461536 0.0625
0 0.5252403846153846 0.039663461538461536 0.2548076923076923 0.07451923076923077
0 0.5492788461538461 0.30288461538461536 0.24759615384615385 0.07932692307692307
0 0.5432692307692307 0.22115384615384615 0.27403846153846156 0.08653846153846154
0 0.5901442307692307 0.7271634615384616 0.25 0.07692307692307693
0 0.6081730769230769 0.8076923076923077 0.21875 0.0889423076923077
0 0.5949519230769231 0.6394230769230769 0.21875 0.07692307692307693
0 0.5516826923076923 0.12860576923076922 0.22115384615384615 0.07692307692307693
0 0.890625 0.27283653846153844 0.18269230769230768 0.08173076923076923
0 0.8978365384615384 0.3629807692307692 0.1778846153846154 0.07932692307692307
0 0.8701923076923077 0.027644230769230768 0.1778846153846154 0.055288461538461536
0 0.8870192307692307 0.18990384615384615 0.17548076923076922 0.0889423076923077
0 0.8834134615384616 0.09615384615384616 0.1658653846153846 0.07451923076923077