0 0.6826923076923077 0.46274038461538464 0.3004807692307692 0.07932692307692307
0 0.6971153846153846 0.953125 0.2644230769230769 0.0673076923076923
0 0.6911057692307693 0.8894230769230769 0.2620192307692308 0.07692307692307693
0 0.6538461538461539 0.3786057692307692 0.24519230769230768 0.07451923076923077
0 0.6322115384615384 0.037259615384615384 0.2644230769230769 0.07451923076923077
0 0.6370192307692307 0.21033653846153846 0.2764423076923077 0.08173076923076923
0 0.671875 0.7151442307692307 0.25240384615384615 0.07211538461538461
0 0.6201923076923077 0.1201923076923077 0.2283653846153846 0.07211538461538461
0 0.6538461538461539 0.6322115384615384 0.21394230769230768 0.06971153846153846
0 0.6538461538461539 0.8028846153846154 0.25 0.08413461538461539
0 0.2692307692307692 0.22956730769230768 0.21875 0.07211538461538461
0 0.2512019230769231 0.1466346153846154 0.25 0.09375
0 0.24519230769230768 0.057692307692307696 0.24278846153846154 0.07451923076923077
0 0.2548076923076923 0.40865384615384615 0.29086538461538464 0.07692307692307693
0 0.2512019230769231 0.31850961538461536 0.2860576923076923 0.07932692307692307