0 0.8305288461538461 0.8389423076923077 0.06009615384615385 0.04807692307692308
0 0.7776442307692307 0.06850961538461539 0.09615384615384616 0.057692307692307696
0 0.8076923076923077 0.6646634615384616 0.11298076923076923 0.0625
0 0.8016826923076923 0.5841346153846154 0.10576923076923077 0.06009615384615385
0 0.7788461538461539 0.15384615384615385 0.11538461538461539 0.06009615384615385
0 0.796875 0.4987980769230769 0.1201923076923077 0.06490384615384616
0 0.8052884615384616 0.7512019230769231 0.11538461538461539 0.06009615384615385
0 0.7800480769230769 0.24759615384615385 0.11298076923076923 0.0625
0 0.7824519230769231 0.3269230769230769 0.12740384615384615 0.06971153846153846
0 0.8137019230769231 0.9266826923076923 0.12740384615384615 0.055288461538461536
0 0.7836538461538461 0.4110576923076923 0.12740384615384615 0.06490384615384616
0 0.4891826923076923 0.34375 0.21875 0.06490384615384616
0 0.4735576923076923 0.08533653846153846 0.24278846153846154 0.06971153846153846
0 0.4699519230769231 0.171875 0.24519230769230768 0.07932692307692307
0 0.4831730769230769 0.43149038461538464 0.2692307692307692 0.07692307692307693
0 0.5024038461538461 0.7740384615384616 0.25240384615384615 0.07451923076923077
0 0.5060096153846154 0.9447115384615384 0.25721153846153844 0.07932692307692307
0 0.5024038461538461 0.8581730769230769 0.25721153846153844 0.08173076923076923
0 0.4579326923076923 0.25841346153846156 0.2668269230769231 0.07451923076923077
0 0.34615384615384615 0.6045673076923077 0.5024038461538461 0.0985576923076923
0 0.20432692307692307 0.5264423076923077 0.2932692307692308 0.06971153846153846
0 0.21754807692307693 0.9603365384615384 0.25961538461538464 0.07692307692307693
0 0.20432692307692307 0.7824519230769231 0.27163461538461536 0.07932692307692307
0 0.17548076923076922 0.27163461538461536 0.25240384615384615 0.06971153846153846
0 0.1935096153846154 0.8737980769230769 0.23557692307692307 0.0673076923076923
0 0.15985576923076922 0.359375 0.2283653846153846 0.06971153846153846