0 0.2127403846153846 0.7992788461538461 0.0985576923076923 0.052884615384615384
0 0.22235576923076922 0.6310096153846154 0.14182692307692307 0.0625
0 0.40024038461538464 0.5264423076923077 0.29086538461538464 0.07211538461538461
0 0.4338942307692308 0.6983173076923077 0.24759615384615385 0.06971153846153846
0 0.4266826923076923 0.609375 0.23798076923076922 0.06971153846153846
0 0.39903846153846156 0.040865384615384616 0.25721153846153844 0.0625
0 0.4026442307692308 0.10096153846153846 0.25240384615384615 0.06490384615384616
0 0.44471153846153844 0.875 0.25721153846153844 0.06971153846153846
0 0.41586538461538464 0.27524038461538464 0.25240384615384615 0.06490384615384616
0 0.44591346153846156 0.78125 0.27403846153846156 0.07932692307692307
0 0.4375 0.36177884615384615 0.21875 0.06971153846153846
0 0.42908653846153844 0.19110576923076922 0.23557692307692307 0.07932692307692307
0 0.8088942307692307 0.7680288461538461 0.22596153846153846 0.06971153846153846
0 0.8317307692307693 0.9411057692307693 0.24278846153846154 0.07211538461538461
0 0.8245192307692307 0.8581730769230769 0.25240384615384615 0.07932692307692307
0 0.8317307692307693 0.5913461538461539 0.30528846153846156 0.07451923076923077
0 0.8353365384615384 0.6802884615384616 0.28846153846153844 0.07211538461538461