0 0.7115384615384616 0.11177884615384616 0.21875 0.07692307692307693
0 0.6730769230769231 0.6274038461538461 0.22596153846153846 0.0673076923076923
0 0.6670673076923077 0.7103365384615384 0.22115384615384615 0.06971153846153846
0 0.7115384615384616 0.038461538461538464 0.22596153846153846 0.06009615384615385
0 0.6911057692307693 0.2848557692307692 0.23317307692307693 0.06971153846153846
0 0.6550480769230769 0.7920673076923077 0.25 0.09134615384615384
0 0.6478365384615384 0.8810096153846154 0.2620192307692308 0.07932692307692307
0 0.6959134615384616 0.20192307692307693 0.24519230769230768 0.07211538461538461
0 0.6790865384615384 0.36538461538461536 0.25961538461538464 0.07451923076923077
0 0.6382211538461539 0.9675480769230769 0.25721153846153844 0.06009615384615385
0 0.6658653846153846 0.5348557692307693 0.25 0.08173076923076923
0 0.6622596153846154 0.4567307692307692 0.23798076923076922 0.07211538461538461
0 0.4014423076923077 0.5132211538461539 0.2692307692307692 0.07451923076923077
0 0.3641826923076923 0.9375 0.25 0.07692307692307693
0 0.36658653846153844 0.7680288461538461 0.27884615384615385 0.07692307692307693
0 0.3557692307692308 0.8557692307692307 0.25961538461538464 0.07451923076923077
0 0.38461538461538464 0.43028846153846156 0.2668269230769231 0.07932692307692307
0 0.41225961538461536 0.026442307692307692 0.2668269230769231 0.052884615384615384
0 0.38822115384615385 0.3449519230769231 0.23798076923076922 0.07451923076923077
0 0.36778846153846156 0.59375 0.25721153846153844 0.07211538461538461
0 0.39783653846153844 0.17548076923076922 0.25240384615384615 0.07211538461538461
0 0.39783653846153844 0.09134615384615384 0.24759615384615385 0.07692307692307693
0 0.3485576923076923 0.6814903846153846 0.22115384615384615 0.06971153846153846
0 0.3737980769230769 0.2608173076923077 0.21634615384615385 0.06971153846153846
0 0.07091346153846154 0.5673076923076923 0.14182692307692307 0.07692307692307693
0 0.06971153846153846 0.484375 0.13942307692307693 0.08173076923076923
0 0.06490384615384616 0.6526442307692307 0.12980769230769232 0.07451923076923077
0 0.05889423076923077 0.8197115384615384 0.11778846153846154 0.08653846153846154
0 0.07451923076923077 0.4026442307692308 0.13701923076923078 0.07211538461538461
0 0.06129807692307692 0.7367788461538461 0.12259615384615384 0.07932692307692307
0 0.052884615384615384 0.9122596153846154 0.10576923076923077 0.08413461538461539
0 0.0829326923076923 0.23317307692307693 0.12980769230769232 0.07451923076923077
0 0.09014423076923077 0.14903846153846154 0.13221153846153846 0.07451923076923077
0 0.09975961538461539 0.01201923076923077 0.12740384615384615 0.02403846153846154
0 0.07451923076923077 0.31971153846153844 0.125 0.07211538461538461
0 0.0889423076923077 0.0625 0.11538461538461539 0.057692307692307696