0 0.2824519230769231 0.7752403846153846 0.0673076923076923 0.18990384615384615
0 0.7956730769230769 0.734375 0.07692307692307693 0.1971153846153846
0 0.8822115384615384 0.7283653846153846 0.07692307692307693 0.20192307692307693
0 0.19831730769230768 0.7764423076923077 0.0673076923076923 0.19951923076923078
0 0.5456730769230769 0.7487980769230769 0.06490384615384616 0.20192307692307693
0 0.3701923076923077 0.7584134615384616 0.06971153846153846 0.20673076923076922
0 0.9615384615384616 0.7163461538461539 0.07211538461538461 0.21153846153846154
0 0.4543269230769231 0.7512019230769231 0.07211538461538461 0.21394230769230768
0 0.9459134615384616 0.4699519230769231 0.07451923076923077 0.25
0 0.5192307692307693 0.4963942307692308 0.07211538461538461 0.2860576923076923
0 0.7764423076923077 0.47596153846153844 0.07932692307692307 0.2668269230769231
0 0.8569711538461539 0.46033653846153844 0.07692307692307693 0.24519230769230768
0 0.5973557692307693 0.47596153846153844 0.07932692307692307 0.25
0 0.35096153846153844 0.49158653846153844 0.07692307692307693 0.23557692307692307
0 0.4338942307692308 0.4855769230769231 0.06971153846153846 0.24759615384615385
0 0.030048076923076924 0.5132211538461539 0.06009615384615385 0.2668269230769231
0 0.18269230769230768 0.5012019230769231 0.07211538461538461 0.2403846153846154
0 0.09495192307692307 0.5036057692307693 0.07451923076923077 0.24278846153846154
0 0.26322115384615385 0.4795673076923077 0.06971153846153846 0.21634615384615385
0 0.6838942307692307 0.4495192307692308 0.0673076923076923 0.22115384615384615
0 0.5661057692307693 0.125 0.07932692307692307 0.22355769230769232
0 0.9074519230769231 0.10817307692307693 0.09375 0.21634615384615385
0 0.40625 0.12620192307692307 0.07932692307692307 0.2403846153846154
0 0.4855769230769231 0.1201923076923077 0.07932692307692307 0.2403846153846154
0 0.7379807692307693 0.11057692307692307 0.08173076923076923 0.22115384615384615
0 0.6514423076923077 0.1141826923076923 0.07692307692307693 0.2283653846153846
0 0.23197115384615385 0.13581730769230768 0.07211538461538461 0.2283653846153846
0 0.15144230769230768 0.140625 0.07932692307692307 0.23557692307692307
0 0.32572115384615385 0.12740384615384615 0.09134615384615384 0.23317307692307693
0 0.8257211538461539 0.10576923076923077 0.0889423076923077 0.21153846153846154
0 0.014423076923076924 0.14783653846153846 0.028846153846153848 0.2283653846153846
0 0.06490384615384616 0.14182692307692307 0.07211538461538461 0.22115384615384615
0 0.040865384615384616 0.7956730769230769 0.05048076923076923 0.18269230769230768
0 0.6262019230769231 0.7536057692307693 0.06009615384615385 0.18509615384615385
0 0.7103365384615384 0.7475961538461539 0.06490384615384616 0.18028846153846154
0 0.1141826923076923 0.7896634615384616 0.07211538461538461 0.19230769230769232