0 0.6225961538461539 0.4266826923076923 0.21875 0.0625
0 0.6201923076923077 0.25841346153846156 0.22596153846153846 0.06971153846153846
0 0.6009615384615384 0.7584134615384616 0.22115384615384615 0.06490384615384616
0 0.6117788461538461 0.3401442307692308 0.24759615384615385 0.0673076923076923
0 0.59375 0.8449519230769231 0.23317307692307693 0.06490384615384616
0 0.6177884615384616 0.08173076923076923 0.25721153846153844 0.06490384615384616
0 0.6189903846153846 0.02403846153846154 0.25721153846153844 0.04567307692307692
0 0.6021634615384616 0.5096153846153846 0.2548076923076923 0.07451923076923077
0 0.5865384615384616 0.9290865384615384 0.2283653846153846 0.06490384615384616
0 0.5901442307692307 0.59375 0.25961538461538464 0.0673076923076923
0 0.5865384615384616 0.6730769230769231 0.25 0.07451923076923077
0 0.5997596153846154 0.17307692307692307 0.27403846153846156 0.07451923076923077
0 0.3449519230769231 0.06490384615384616 0.2668269230769231 0.06971153846153846
0 0.3245192307692308 0.578125 0.2668269230769231 0.07211538461538461
0 0.32572115384615385 0.49038461538461536 0.28365384615384615 0.06971153846153846
0 0.31009615384615385 0.8293269230769231 0.2860576923076923 0.06971153846153846
0 0.30528846153846156 0.7415865384615384 0.2644230769230769 0.06009615384615385
0 0.28846153846153844 0.9771634615384616 0.2932692307692308 0.036057692307692304
0 0.29927884615384615 0.6550480769230769 0.25240384615384615 0.07451923076923077
0 0.2860576923076923 0.9134615384615384 0.24759615384615385 0.0673076923076923
0 0.30288461538461536 0.40384615384615385 0.23557692307692307 0.06490384615384616
0 0.3076923076923077 0.15144230769230768 0.21875 0.07451923076923077
0 0.2956730769230769 0.32211538461538464 0.23557692307692307 0.07451923076923077
0 0.29927884615384615 0.23677884615384615 0.23076923076923078 0.07211538461538461