0 0.19230769230769232 0.6153846153846154 0.06971153846153846 0.2932692307692308
0 0.027644230769230768 0.6201923076923077 0.052884615384615384 0.29086538461538464
0 0.10216346153846154 0.6141826923076923 0.0673076923076923 0.27884615384615385
0 0.9555288461538461 0.5757211538461539 0.057692307692307696 0.24278846153846154
0 0.27403846153846156 0.5949519230769231 0.06490384615384616 0.24759615384615385
0 0.7896634615384616 0.5769230769230769 0.0625 0.24278846153846154
0 0.8665865384615384 0.5709134615384616 0.07451923076923077 0.25721153846153844
0 0.6983173076923077 0.5721153846153846 0.057692307692307696 0.24278846153846154
0 0.3557692307692308 0.5793269230769231 0.06490384615384616 0.2283653846153846
0 0.5276442307692307 0.5697115384615384 0.057692307692307696 0.21634615384615385
0 0.6105769230769231 0.5612980769230769 0.0673076923076923 0.29086538461538464
0 0.44591346153846156 0.5564903846153846 0.06971153846153846 0.24519230769230768
0 0.27163461538461536 0.24278846153846154 0.06009615384615385 0.21394230769230768
0 0.6153846153846154 0.22235576923076922 0.06009615384615385 0.2283653846153846
0 0.6995192307692307 0.21754807692307693 0.06490384615384616 0.23557692307692307
0 0.025240384615384616 0.23798076923076922 0.05048076923076923 0.22596153846153846
0 0.09975961538461539 0.23557692307692307 0.07211538461538461 0.22596153846153846
0 0.18509615384615385 0.23197115384615385 0.06490384615384616 0.24278846153846154
0 0.875 0.20192307692307693 0.0673076923076923 0.24519230769230768
0 0.7848557692307693 0.20432692307692307 0.0673076923076923 0.23798076923076922
0 0.3545673076923077 0.21754807692307693 0.06971153846153846 0.2644230769230769
0 0.5252403846153846 0.21033653846153846 0.06971153846153846 0.25240384615384615
0 0.4411057692307692 0.21153846153846154 0.06971153846153846 0.25240384615384615
0 0.9603365384615384 0.18990384615384615 0.0625 0.2620192307692308
0 0.9435096153846154 0.02283653846153846 0.055288461538461536 0.04567307692307692
0 0.6213942307692307 0.8137019230769231 0.055288461538461536 0.07451923076923077
0 0.2824519230769231 0.8209134615384616 0.055288461538461536 0.07692307692307693
0 0.1971153846153846 0.8245192307692307 0.052884615384615384 0.07211538461538461
0 0.037259615384615384 0.8209134615384616 0.05048076923076923 0.09134615384615384
0 0.11057692307692307 0.8161057692307693 0.052884615384615384 0.0985576923076923
0 0.4567307692307692 0.8028846153846154 0.04807692307692308 0.09615384615384616
0 0.5384615384615384 0.8004807692307693 0.052884615384615384 0.10096153846153846
0 0.7067307692307693 0.7920673076923077 0.06490384615384616 0.11057692307692307
0 0.3641826923076923 0.7920673076923077 0.06009615384615385 0.12980769230769232