0 0.2127403846153846 0.8293269230769231 0.09134615384615384 0.05048076923076923
0 0.2283653846153846 0.9134615384615384 0.12259615384615384 0.05048076923076923
0 0.23317307692307693 0.9795673076923077 0.1201923076923077 0.036057692307692304
0 0.2091346153846154 0.5709134615384616 0.1201923076923077 0.05048076923076923
0 0.20793269230769232 0.4891826923076923 0.12740384615384615 0.06490384615384616
0 0.23557692307692307 0.6586538461538461 0.14903846153846154 0.06009615384615385
0 0.43990384615384615 0.8161057692307693 0.2956730769230769 0.07211538461538461
0 0.41947115384615385 0.39302884615384615 0.23317307692307693 0.06490384615384616
0 0.40865384615384615 0.04927884615384615 0.24759615384615385 0.06971153846153846
0 0.4495192307692308 0.7295673076923077 0.24759615384615385 0.0673076923076923
0 0.4182692307692308 0.140625 0.25240384615384615 0.07451923076923077
0 0.4266826923076923 0.21754807692307693 0.23557692307692307 0.06490384615384616
0 0.4326923076923077 0.3076923076923077 0.2283653846153846 0.0625
0 0.45913461538461536 0.6490384615384616 0.23798076923076922 0.06971153846153846
0 0.4543269230769231 0.4795673076923077 0.22596153846153846 0.0673076923076923
0 0.4735576923076923 0.5564903846153846 0.24759615384615385 0.07451923076923077
0 0.78125 0.36177884615384615 0.21875 0.0625
0 0.7836538461538461 0.27283653846153844 0.2283653846153846 0.06971153846153846
0 0.8088942307692307 0.7055288461538461 0.2283653846153846 0.06490384615384616
0 0.8185096153846154 0.8737980769230769 0.22355769230769232 0.07451923076923077
0 0.8293269230769231 0.9543269230769231 0.21875 0.06490384615384616
0 0.8209134615384616 0.7860576923076923 0.24278846153846154 0.06971153846153846
0 0.7920673076923077 0.1875 0.24278846153846154 0.07692307692307693
0 0.7860576923076923 0.11057692307692307 0.2403846153846154 0.08653846153846154
0 0.7836538461538461 0.030048076923076924 0.25961538461538464 0.06009615384615385
0 0.8221153846153846 0.6201923076923077 0.2620192307692308 0.07211538461538461
0 0.8197115384615384 0.53125 0.25240384615384615 0.06971153846153846
0 0.8137019230769231 0.4495192307692308 0.2644230769230769 0.07692307692307693