0 0.4254807692307692 0.09615384615384616 0.27403846153846156 0.06490384615384616
0 0.4254807692307692 0.025240384615384616 0.2932692307692308 0.05048076923076923
0 0.43028846153846156 0.19110576923076922 0.2932692307692308 0.0625
0 0.44591346153846156 0.6971153846153846 0.20673076923076922 0.052884615384615384
0 0.4495192307692308 0.7860576923076923 0.23076923076923078 0.055288461538461536
0 0.453125 0.9555288461538461 0.25 0.057692307692307696
0 0.4483173076923077 0.6129807692307693 0.24759615384615385 0.06009615384615385
0 0.45552884615384615 0.8677884615384616 0.2548076923076923 0.06971153846153846
0 0.4483173076923077 0.27524038461538464 0.25 0.0625
0 0.4543269230769231 0.3557692307692308 0.22596153846153846 0.055288461538461536
0 0.46274038461538464 0.5276442307692307 0.21394230769230768 0.057692307692307696
0 0.4795673076923077 0.4423076923076923 0.2548076923076923 0.0673076923076923
0 0.8100961538461539 0.6201923076923077 0.23076923076923078 0.057692307692307696
0 0.8125 0.703125 0.2283653846153846 0.0625
0 0.8076923076923077 0.2764423076923077 0.24278846153846154 0.057692307692307696
0 0.8028846153846154 0.028846153846153848 0.22115384615384615 0.057692307692307696
0 0.8064903846153846 0.10216346153846154 0.21875 0.0673076923076923
0 0.8100961538461539 0.19230769230769232 0.2403846153846154 0.06490384615384616
0 0.8209134615384616 0.7884615384615384 0.24278846153846154 0.07451923076923077
0 0.8173076923076923 0.44471153846153844 0.24759615384615385 0.06971153846153846
0 0.8257211538461539 0.8762019230769231 0.24278846153846154 0.0673076923076923
0 0.8209134615384616 0.53125 0.2548076923076923 0.06971153846153846
0 0.8185096153846154 0.3605769230769231 0.2668269230769231 0.06490384615384616
0 0.8365384615384616 0.9639423076923077 0.25721153846153844 0.06009615384615385
0 0.19831730769230768 0.8725961538461539 0.09134615384615384 0.06009615384615385
0 0.20072115384615385 0.9567307692307693 0.09134615384615384 0.06009615384615385
0 0.20192307692307693 0.7896634615384616 0.09615384615384616 0.057692307692307696
0 0.20072115384615385 0.6225961538461539 0.10336538461538461 0.040865384615384616
0 0.19591346153846154 0.19230769230769232 0.10817307692307693 0.055288461538461536
0 0.19831730769230768 0.2776442307692308 0.11057692307692307 0.057692307692307696
0 0.20072115384615385 0.03125 0.125 0.055288461538461536
0 0.203125 0.10697115384615384 0.13221153846153846 0.057692307692307696
0 0.21153846153846154 0.45072115384615385 0.13221153846153846 0.04807692307692308
0 0.21394230769230768 0.5324519230769231 0.12980769230769232 0.057692307692307696
0 0.22355769230769232 0.6983173076923077 0.14182692307692307 0.0673076923076923
0 0.22596153846153846 0.3605769230769231 0.15865384615384615 0.055288461538461536