0 0.5757211538461539 0.8882211538461539 0.2283653846153846 0.08413461538461539
0 0.5865384615384616 0.9627403846153846 0.22115384615384615 0.06971153846153846
0 0.5348557692307693 0.3786057692307692 0.22596153846153846 0.07211538461538461
0 0.5300480769230769 0.29086538461538464 0.2283653846153846 0.06971153846153846
0 0.5697115384615384 0.71875 0.2403846153846154 0.07692307692307693
0 0.5192307692307693 0.12259615384615384 0.25240384615384615 0.09134615384615384
0 0.5829326923076923 0.8016826923076923 0.24278846153846154 0.07932692307692307
0 0.5697115384615384 0.6334134615384616 0.2692307692307692 0.08413461538461539
0 0.5324519230769231 0.2091346153846154 0.25 0.08173076923076923
0 0.5649038461538461 0.546875 0.25 0.07932692307692307
0 0.5576923076923077 0.4651442307692308 0.2548076923076923 0.08653846153846154
0 0.5276442307692307 0.036057692307692304 0.2764423076923077 0.07211538461538461
0 0.8016826923076923 0.3641826923076923 0.19230769230769232 0.07211538461538461
0 0.7992788461538461 0.03125 0.25240384615384615 0.0625
0 0.8365384615384616 0.4423076923076923 0.2860576923076923 0.07932692307692307
0 0.8112980769230769 0.10697115384615384 0.25240384615384615 0.08173076923076923
0 0.8581730769230769 0.6117788461538461 0.23798076923076922 0.07451923076923077
0 0.8509615384615384 0.5264423076923077 0.2668269230769231 0.07692307692307693
0 0.8762019230769231 0.9411057692307693 0.24278846153846154 0.07451923076923077
0 0.8233173076923077 0.18990384615384615 0.2668269230769231 0.07932692307692307
0 0.8786057692307693 0.8629807692307693 0.23798076923076922 0.08653846153846154
0 0.8762019230769231 0.7776442307692307 0.24278846153846154 0.08413461538461539
0 0.8485576923076923 0.27283653846153844 0.2283653846153846 0.07451923076923077
0 0.8834134615384616 0.6923076923076923 0.2283653846153846 0.07692307692307693
0 0.25721153846153844 0.9326923076923077 0.15144230769230768 0.0673076923076923
0 0.21394230769230768 0.4206730769230769 0.15625 0.06971153846153846
0 0.20072115384615385 0.23677884615384615 0.1466346153846154 0.06490384615384616
0 0.18629807692307693 0.07692307692307693 0.1466346153846154 0.0673076923076923
0 0.23317307692307693 0.5913461538461539 0.16826923076923078 0.0673076923076923
0 0.21153846153846154 0.33052884615384615 0.16105769230769232 0.07451923076923077
0 0.2512019230769231 0.7572115384615384 0.1658653846153846 0.06971153846153846
0 0.24519230769230768 0.6730769230769231 0.1658653846153846 0.06971153846153846
0 0.27403846153846156 0.984375 0.16826923076923078 0.026442307692307692
0 0.23076923076923078 0.5024038461538461 0.15625 0.06009615384615385
0 0.2620192307692308 0.8413461538461539 0.16826923076923078 0.0673076923076923
0 0.20432692307692307 0.16105769230769232 0.1658653846153846 0.07692307692307693