0 0.16706730769230768 0.7475961538461539 0.07451923076923077 0.18509615384615385
0 0.6730769230769231 0.7644230769230769 0.06971153846153846 0.19230769230769232
0 0.5877403846153846 0.7608173076923077 0.052884615384615384 0.18509615384615385
0 0.5901442307692307 0.5228365384615384 0.07211538461538461 0.27163461538461536
0 0.019230769230769232 0.5012019230769231 0.038461538461538464 0.24759615384615385
0 0.5024038461538461 0.5168269230769231 0.0625 0.28125
0 0.84375 0.5288461538461539 0.06971153846153846 0.29086538461538464
0 0.06971153846153846 0.49038461538461536 0.0625 0.25240384615384615
0 0.6706730769230769 0.5096153846153846 0.07211538461538461 0.25
0 0.7572115384615384 0.5084134615384616 0.0673076923076923 0.2620192307692308
0 0.9278846153846154 0.5132211538461539 0.0673076923076923 0.25
0 0.4170673076923077 0.49038461538461536 0.0625 0.2283653846153846
0 0.15745192307692307 0.47716346153846156 0.057692307692307696 0.23076923076923078
0 0.2548076923076923 0.47836538461538464 0.07211538461538461 0.22596153846153846
0 0.33533653846153844 0.4735576923076923 0.06971153846153846 0.22596153846153846
0 0.5192307692307693 0.13581730769230768 0.07451923076923077 0.2548076923076923
0 0.43028846153846156 0.1310096153846154 0.06971153846153846 0.25961538461538464
0 0.3449519230769231 0.12740384615384615 0.06971153846153846 0.2403846153846154
0 0.08533653846153846 0.1201923076923077 0.06971153846153846 0.2403846153846154
0 0.6862980769230769 0.13341346153846154 0.07211538461538461 0.25240384615384615
0 0.6069711538461539 0.1310096153846154 0.07692307692307693 0.25240384615384615
0 0.17548076923076922 0.12139423076923077 0.08173076923076923 0.24278846153846154
0 0.8617788461538461 0.13942307692307693 0.07692307692307693 0.24759615384615385
0 0.78125 0.13581730769230768 0.07451923076923077 0.25
0 0.9495192307692307 0.140625 0.06971153846153846 0.24759615384615385
0 0.2620192307692308 0.12139423076923077 0.08173076923076923 0.24278846153846154
0 0.4170673076923077 0.7776442307692307 0.06490384615384616 0.14423076923076922
0 0.7560096153846154 0.78125 0.06009615384615385 0.1658653846153846
0 0.25 0.7620192307692307 0.0673076923076923 0.15865384615384615
0 0.9302884615384616 0.7824519230769231 0.05048076923076923 0.17548076923076922
0 0.015625 0.7487980769230769 0.03125 0.18028846153846154
0 0.3389423076923077 0.7584134615384616 0.06971153846153846 0.18028846153846154
0 0.5 0.7620192307692307 0.06490384615384616 0.18028846153846154
0 0.08052884615384616 0.7475961538461539 0.06971153846153846 0.18028846153846154
0 0.8401442307692307 0.7740384615384616 0.057692307692307696 0.18028846153846154