0 0.9302884615384616 0.6081730769230769 0.04326923076923077 0.20673076923076922
0 0.49278846153846156 0.6045673076923077 0.052884615384615384 0.2860576923076923
0 0.40865384615384615 0.5997596153846154 0.057692307692307696 0.2764423076923077
0 0.9855769230769231 0.5985576923076923 0.02403846153846154 0.24519230769230768
0 0.15504807692307693 0.5985576923076923 0.06009615384615385 0.2932692307692308
0 0.3269230769230769 0.5877403846153846 0.0673076923076923 0.24278846153846154
0 0.23557692307692307 0.5805288461538461 0.06009615384615385 0.25
0 0.07211538461538461 0.5745192307692307 0.0625 0.24519230769230768
0 0.8341346153846154 0.5721153846153846 0.057692307692307696 0.21634615384615385
0 0.7475961538461539 0.5685096153846154 0.057692307692307696 0.2283653846153846
0 0.5805288461538461 0.5673076923076923 0.055288461538461536 0.23557692307692307
0 0.6610576923076923 0.5649038461538461 0.0625 0.22115384615384615
0 0.49399038461538464 0.2283653846153846 0.06009615384615385 0.22596153846153846
0 0.9194711538461539 0.21754807692307693 0.06490384615384616 0.23798076923076922
0 0.6682692307692307 0.21634615384615385 0.052884615384615384 0.22596153846153846
0 0.8389423076923077 0.21153846153846154 0.0625 0.2403846153846154
0 0.31971153846153844 0.20793269230769232 0.052884615384615384 0.24759615384615385
0 0.06490384615384616 0.203125 0.0625 0.2620192307692308
0 0.23317307692307693 0.203125 0.0625 0.24759615384615385
0 0.5769230769230769 0.20192307692307693 0.0625 0.27884615384615385
0 0.14903846153846154 0.19951923076923078 0.0673076923076923 0.2548076923076923
0 0.4014423076923077 0.18990384615384615 0.057692307692307696 0.2932692307692308
0 0.7548076923076923 0.18990384615384615 0.0625 0.28365384615384615
0 0.5685096153846154 0.8233173076923077 0.06009615384615385 0.055288461538461536
0 0.7355769230769231 0.8173076923076923 0.057692307692307696 0.07692307692307693
0 0.05889423076923077 0.8088942307692307 0.055288461538461536 0.0889423076923077
0 0.23197115384615385 0.8088942307692307 0.06009615384615385 0.09375
0 0.6514423076923077 0.8076923076923077 0.057692307692307696 0.09134615384615384
0 0.9771634615384616 0.8052884615384616 0.040865384615384616 0.10096153846153846
0 0.9050480769230769 0.8052884615384616 0.06490384615384616 0.09615384615384616
0 0.14543269230769232 0.8052884615384616 0.04567307692307692 0.08653846153846154
0 0.4891826923076923 0.8040865384615384 0.055288461538461536 0.0985576923076923
0 0.8233173076923077 0.8028846153846154 0.055288461538461536 0.10096153846153846
0 0.31850961538461536 0.8004807692307693 0.04567307692307692 0.10096153846153846
0 0.4014423076923077 0.8004807692307693 0.04807692307692308 0.10336538461538461