0 0.27283653846153844 0.04807692307692308 0.22355769230769232 0.07932692307692307
0 0.23557692307692307 0.9675480769230769 0.21634615384615385 0.04807692307692308
0 0.2824519230769231 0.13942307692307693 0.21394230769230768 0.07451923076923077
0 0.2644230769230769 0.5625 0.23557692307692307 0.07932692307692307
0 0.2860576923076923 0.23076923076923078 0.24519230769230768 0.07451923076923077
0 0.25240384615384615 0.8125 0.20432692307692307 0.06971153846153846
0 0.2644230769230769 0.6430288461538461 0.21875 0.0673076923076923
0 0.2764423076923077 0.4735576923076923 0.23076923076923078 0.07451923076923077
0 0.2620192307692308 0.7283653846153846 0.19471153846153846 0.0673076923076923
0 0.29086538461538464 0.3088942307692308 0.21394230769230768 0.07451923076923077
0 0.625 0.33052884615384615 0.21394230769230768 0.06971153846153846
0 0.6225961538461539 0.4170673076923077 0.19471153846153846 0.07211538461538461
0 0.5985576923076923 0.9831730769230769 0.21153846153846154 0.028846153846153848
0 0.6081730769230769 0.7463942307692307 0.20673076923076922 0.07211538461538461
0 0.6382211538461539 0.25 0.21394230769230768 0.07451923076923077
0 0.6262019230769231 0.5012019230769231 0.23076923076923078 0.07692307692307693
0 0.6117788461538461 0.8377403846153846 0.19951923076923078 0.07692307692307693
0 0.6610576923076923 0.1622596153846154 0.23076923076923078 0.07451923076923077
0 0.6418269230769231 0.5841346153846154 0.21875 0.06971153846153846
0 0.8737980769230769 0.7608173076923077 0.19471153846153846 0.0673076923076923
0 0.890625 0.6682692307692307 0.19471153846153846 0.07932692307692307
0 0.9014423076923077 0.5060096153846154 0.19471153846153846 0.052884615384615384
0 0.8870192307692307 0.9302884615384616 0.18028846153846154 0.06490384615384616
0 0.9038461538461539 0.59375 0.18028846153846154 0.0625
0 0.9134615384615384 0.4206730769230769 0.16826923076923078 0.07211538461538461