0 0.4483173076923077 0.29447115384615385 0.21875 0.07692307692307693
0 0.40625 0.8930288461538461 0.22355769230769232 0.07692307692307693
0 0.46274038461538464 0.12379807692307693 0.2403846153846154 0.07692307692307693
0 0.40384615384615385 0.9651442307692307 0.21634615384615385 0.0673076923076923
0 0.4230769230769231 0.7199519230769231 0.23317307692307693 0.07692307692307693
0 0.45913461538461536 0.21033653846153846 0.23317307692307693 0.08413461538461539
0 0.4170673076923077 0.8040865384615384 0.23317307692307693 0.07692307692307693
0 0.4723557692307692 0.038461538461538464 0.24759615384615385 0.07692307692307693
0 0.4495192307692308 0.3798076923076923 0.22355769230769232 0.07451923076923077
0 0.43509615384615385 0.6394230769230769 0.25 0.07932692307692307
0 0.44350961538461536 0.5588942307692307 0.24519230769230768 0.07451923076923077
0 0.46153846153846156 0.4639423076923077 0.23798076923076922 0.07451923076923077
0 0.7487980769230769 0.06610576923076923 0.25240384615384615 0.08173076923076923
0 0.7259615384615384 0.49038461538461536 0.27884615384615385 0.07932692307692307
0 0.7247596153846154 0.5745192307692307 0.2548076923076923 0.07692307692307693
0 0.75 0.23557692307692307 0.27403846153846156 0.08173076923076923
0 0.7560096153846154 0.15504807692307693 0.2283653846153846 0.07692307692307693
0 0.7415865384615384 0.40865384615384615 0.25 0.07451923076923077
0 0.703125 0.9807692307692307 0.2668269230769231 0.03365384615384615
0 0.7295673076923077 0.6622596153846154 0.23557692307692307 0.07692307692307693
0 0.7199519230769231 0.828125 0.23798076923076922 0.07451923076923077
0 0.7163461538461539 0.9134615384615384 0.23076923076923078 0.07451923076923077
0 0.7680288461538461 0.32211538461538464 0.22115384615384615 0.07451923076923077
0 0.7391826923076923 0.7439903846153846 0.22596153846153846 0.06971153846153846
0 0.9891826923076923 0.34975961538461536 0.016826923076923076 0.07451923076923077