0 0.21634615384615385 0.1622596153846154 0.08173076923076923 0.057692307692307696
0 0.2439903846153846 0.015625 0.10336538461538461 0.03125
0 0.20552884615384615 0.4182692307692308 0.10336538461538461 0.052884615384615384
0 0.20192307692307693 0.5024038461538461 0.10817307692307693 0.057692307692307696
0 0.22716346153846154 0.33413461538461536 0.13942307692307693 0.06490384615384616
0 0.4375 0.09375 0.27163461538461536 0.08653846153846154
0 0.4387019230769231 0.1814903846153846 0.2932692307692308 0.08173076923076923
0 0.375 0.9423076923076923 0.2548076923076923 0.07692307692307693
0 0.3942307692307692 0.7776442307692307 0.23317307692307693 0.0673076923076923
0 0.3942307692307692 0.8545673076923077 0.2548076923076923 0.08413461538461539
0 0.4110576923076923 0.6887019230769231 0.23798076923076922 0.06971153846153846
0 0.45072115384615385 0.2644230769230769 0.25 0.07932692307692307
0 0.4735576923076923 0.026442307692307692 0.2403846153846154 0.052884615384615384
0 0.4483173076923077 0.34975961538461536 0.23076923076923078 0.07451923076923077
0 0.4387019230769231 0.5216346153846154 0.21875 0.07211538461538461
0 0.43509615384615385 0.6033653846153846 0.2980769230769231 0.0889423076923077
0 0.46153846153846156 0.4387019230769231 0.25 0.08413461538461539
0 0.7668269230769231 0.6490384615384616 0.22115384615384615 0.07211538461538461
0 0.7644230769230769 0.734375 0.23076923076923078 0.07451923076923077
0 0.8257211538461539 0.054086538461538464 0.22115384615384615 0.07451923076923077
0 0.8209134615384616 0.1346153846153846 0.22355769230769232 0.08173076923076923
0 0.7536057692307693 0.90625 0.2403846153846154 0.08173076923076923
0 0.8100961538461539 0.30528846153846156 0.24278846153846154 0.07451923076923077
0 0.8185096153846154 0.22355769230769232 0.2403846153846154 0.07692307692307693
0 0.7944711538461539 0.47475961538461536 0.25 0.07932692307692307
0 0.7680288461538461 0.8221153846153846 0.2403846153846154 0.08173076923076923
0 0.8052884615384616 0.3918269230769231 0.2620192307692308 0.07932692307692307
0 0.7944711538461539 0.5600961538461539 0.25 0.08413461538461539
0 0.7620192307692307 0.9795673076923077 0.25 0.036057692307692304