0 0.9375 0.7175480769230769 0.0625 0.20432692307692307
0 0.9783653846153846 0.7091346153846154 0.038461538461538464 0.22596153846153846
0 0.9026442307692307 0.7151442307692307 0.04326923076923077 0.21875
0 0.4206730769230769 0.7427884615384616 0.06971153846153846 0.22596153846153846
0 0.3389423076923077 0.7463942307692307 0.07692307692307693 0.2283653846153846
0 0.8509615384615384 0.7079326923076923 0.06490384615384616 0.22596153846153846
0 0.5084134615384616 0.7307692307692307 0.07451923076923077 0.23317307692307693
0 0.25721153846153844 0.7463942307692307 0.0673076923076923 0.21875
0 0.7584134615384616 0.7103365384615384 0.07451923076923077 0.23317307692307693
0 0.08173076923076923 0.7548076923076923 0.07211538461538461 0.24519230769230768
0 0.5949519230769231 0.7175480769230769 0.07451923076923077 0.23798076923076922
0 0.6754807692307693 0.7079326923076923 0.07932692307692307 0.23798076923076922
0 0.9086538461538461 0.3425480769230769 0.07932692307692307 0.24759615384615385
0 0.6514423076923077 0.3581730769230769 0.0673076923076923 0.22596153846153846
0 0.5625 0.3605769230769231 0.08173076923076923 0.27403846153846156
0 0.828125 0.3425480769230769 0.07692307692307693 0.2403846153846154
0 0.22115384615384615 0.3786057692307692 0.07932692307692307 0.24759615384615385
0 0.05048076923076923 0.3918269230769231 0.07211538461538461 0.25721153846153844
0 0.1346153846153846 0.38100961538461536 0.08173076923076923 0.25
0 0.7367788461538461 0.32572115384615385 0.08413461538461539 0.2764423076923077
0 0.390625 0.25 0.0985576923076923 0.46875
0 0.29086538461538464 0.12379807692307693 0.0673076923076923 0.19951923076923078
0 0.20673076923076922 0.12259615384615384 0.06490384615384616 0.19471153846153846
0 0.036057692307692304 0.13221153846153846 0.07211538461538461 0.1971153846153846
0 0.7259615384615384 0.08653846153846154 0.0673076923076923 0.17307692307692307
0 0.6334134615384616 0.07451923076923077 0.06490384615384616 0.14903846153846154