0 0.5288461538461539 0.9711538461538461 0.21634615384615385 0.052884615384615384
0 0.5420673076923077 0.2980769230769231 0.22596153846153846 0.06009615384615385
0 0.53125 0.8978365384615384 0.22115384615384615 0.0673076923076923
0 0.5420673076923077 0.3858173076923077 0.23317307692307693 0.057692307692307696
0 0.5444711538461539 0.21514423076923078 0.23557692307692307 0.08173076923076923
0 0.5384615384615384 0.7259615384615384 0.23798076923076922 0.06009615384615385
0 0.5372596153846154 0.8076923076923077 0.23317307692307693 0.06490384615384616
0 0.5504807692307693 0.12620192307692307 0.24278846153846154 0.07211538461538461
0 0.5444711538461539 0.6430288461538461 0.25721153846153844 0.0625
0 0.5480769230769231 0.47115384615384615 0.2403846153846154 0.06971153846153846
0 0.5588942307692307 0.038461538461538464 0.2548076923076923 0.06971153846153846
0 0.5516826923076923 0.5540865384615384 0.24519230769230768 0.0625
0 0.8365384615384616 0.04927884615384615 0.24278846153846154 0.0625
0 0.8305288461538461 0.47836538461538464 0.29086538461538464 0.06490384615384616
0 0.8413461538461539 0.13701923076923078 0.2620192307692308 0.06490384615384616
0 0.8389423076923077 0.5612980769230769 0.2668269230769231 0.0625
0 0.8425480769230769 0.39663461538461536 0.25240384615384615 0.06490384615384616
0 0.8449519230769231 0.22355769230769232 0.2668269230769231 0.06971153846153846
0 0.8353365384615384 0.9747596153846154 0.27163461538461536 0.04567307692307692
0 0.8413461538461539 0.6490384615384616 0.23557692307692307 0.06490384615384616
0 0.8413461538461539 0.8197115384615384 0.25240384615384615 0.06009615384615385
0 0.8425480769230769 0.9050480769230769 0.23557692307692307 0.06490384615384616
0 0.8629807692307693 0.31009615384615385 0.22355769230769232 0.06009615384615385
0 0.8569711538461539 0.7331730769230769 0.22115384615384615 0.06009615384615385
0 0.22235576923076922 0.21514423076923078 0.14182692307692307 0.057692307692307696
0 0.22115384615384615 0.390625 0.14423076923076922 0.057692307692307696
0 0.21153846153846154 0.9050480769230769 0.14423076923076922 0.06490384615384616
0 0.22716346153846154 0.04447115384615385 0.14423076923076922 0.057692307692307696
0 0.21995192307692307 0.47596153846153844 0.1466346153846154 0.06009615384615385
0 0.21875 0.6454326923076923 0.14903846153846154 0.0673076923076923
0 0.21875 0.7283653846153846 0.1466346153846154 0.06009615384615385
0 0.22596153846153846 0.30288461538461536 0.15144230769230768 0.06009615384615385
0 0.2283653846153846 0.1310096153846154 0.15144230769230768 0.0673076923076923
0 0.22235576923076922 0.5612980769230769 0.15384615384615385 0.0625
0 0.21875 0.8149038461538461 0.15625 0.06009615384615385
0 0.21514423076923078 0.9735576923076923 0.15865384615384615 0.040865384615384616