0 0.042067307692307696 0.2091346153846154 0.05048076923076923 0.11057692307692307
0 0.8112980769230769 0.21153846153846154 0.04567307692307692 0.125
0 0.5552884615384616 0.22596153846153846 0.04807692307692308 0.14903846153846154
0 0.6442307692307693 0.2403846153846154 0.057692307692307696 0.18269230769230768
0 0.04567307692307692 0.46153846153846156 0.057692307692307696 0.24519230769230768
0 0.3894230769230769 0.46634615384615385 0.052884615384615384 0.24519230769230768
0 0.21394230769230768 0.46875 0.04807692307692308 0.23076923076923078
0 0.13341346153846154 0.47115384615384615 0.06490384615384616 0.25
0 0.7259615384615384 0.47596153846153844 0.057692307692307696 0.24519230769230768
0 0.8125 0.47836538461538464 0.057692307692307696 0.2548076923076923
0 0.3016826923076923 0.484375 0.05048076923076923 0.23798076923076922
0 0.6454326923076923 0.4831730769230769 0.05048076923076923 0.22596153846153846
0 0.47475961538461536 0.4879807692307692 0.05048076923076923 0.21153846153846154
0 0.5564903846153846 0.5036057692307693 0.06009615384615385 0.24278846153846154
0 0.28725961538461536 0.8341346153846154 0.055288461538461536 0.23076923076923078
0 0.96875 0.8377403846153846 0.057692307692307696 0.22355769230769232
0 0.890625 0.8389423076923077 0.06009615384615385 0.22115384615384615
0 0.375 0.8389423076923077 0.052884615384615384 0.23076923076923078
0 0.20432692307692307 0.8401442307692307 0.0625 0.23798076923076922
0 0.7199519230769231 0.8401442307692307 0.05048076923076923 0.24278846153846154
0 0.8028846153846154 0.84375 0.057692307692307696 0.24519230769230768
0 0.6346153846153846 0.8425480769230769 0.057692307692307696 0.25721153846153844
0 0.5480769230769231 0.8449519230769231 0.0625 0.25721153846153844
0 0.46153846153846156 0.8461538461538461 0.0673076923076923 0.25961538461538464
0 0.028846153846153848 0.8545673076923077 0.052884615384615384 0.25721153846153844
0 0.12139423076923077 0.8557692307692307 0.07451923076923077 0.27403846153846156