0 0.04326923076923077 0.7932692307692307 0.05048076923076923 0.20432692307692307
0 0.6995192307692307 0.7271634615384616 0.07932692307692307 0.22355769230769232
0 0.6165865384615384 0.734375 0.08173076923076923 0.21875
0 0.1875 0.7728365384615384 0.07451923076923077 0.21875
0 0.7800480769230769 0.7175480769230769 0.07211538461538461 0.21875
0 0.10216346153846154 0.7752403846153846 0.07692307692307693 0.2283653846153846
0 0.8689903846153846 0.7079326923076923 0.07451923076923077 0.2283653846153846
0 0.2800480769230769 0.7572115384615384 0.07451923076923077 0.22355769230769232
0 0.4423076923076923 0.7415865384615384 0.07451923076923077 0.23076923076923078
0 0.953125 0.6971153846153846 0.07451923076923077 0.23557692307692307
0 0.5276442307692307 0.7331730769230769 0.07211538461538461 0.2283653846153846
0 0.35697115384615385 0.7475961538461539 0.07932692307692307 0.2283653846153846
0 0.5036057692307693 0.3942307692307692 0.07932692307692307 0.2283653846153846
0 0.33052884615384615 0.40384615384615385 0.07451923076923077 0.22596153846153846
0 0.015625 0.4326923076923077 0.03125 0.25
0 0.6730769230769231 0.36778846153846156 0.08173076923076923 0.24759615384615385
0 0.4182692307692308 0.3894230769230769 0.0889423076923077 0.25961538461538464
0 0.15745192307692307 0.41225961538461536 0.08653846153846154 0.2403846153846154
0 0.0733173076923077 0.4182692307692308 0.08413461538461539 0.24759615384615385
0 0.9278846153846154 0.33653846153846156 0.08413461538461539 0.2644230769230769
0 0.7584134615384616 0.35216346153846156 0.08653846153846154 0.25
0 0.8401442307692307 0.34375 0.08653846153846154 0.25721153846153844
0 0.5865384615384616 0.3557692307692308 0.08173076923076923 0.2764423076923077
0 0.2439903846153846 0.38341346153846156 0.09134615384615384 0.27163461538461536
0 0.4735576923076923 0.12860576923076922 0.07211538461538461 0.24278846153846154
0 0.3870192307692308 0.12139423076923077 0.08173076923076923 0.22596153846153846
0 0.9038461538461539 0.09254807692307693 0.08653846153846154 0.18509615384615385
0 0.7307692307692307 0.09975961538461539 0.07692307692307693 0.19951923076923078
0 0.04567307692307692 0.14543269230769232 0.09134615384615384 0.21394230769230768
0 0.6478365384615384 0.09615384615384616 0.07451923076923077 0.19230769230769232
0 0.21875 0.125 0.07451923076923077 0.20432692307692307
0 0.5588942307692307 0.0985576923076923 0.07932692307692307 0.1971153846153846
0 0.13221153846153846 0.1201923076923077 0.08413461538461539 0.18028846153846154
0 0.3004807692307692 0.10216346153846154 0.07451923076923077 0.17307692307692307
0 0.8185096153846154 0.07211538461538461 0.07451923076923077 0.14423076923076922