0 0.15504807692307693 0.8245192307692307 0.04567307692307692 0.06009615384615385
0 0.9254807692307693 0.7848557692307693 0.055288461538461536 0.09615384615384616
0 0.33052884615384615 0.8040865384615384 0.0625 0.11298076923076923
0 0.4110576923076923 0.8004807692307693 0.057692307692307696 0.10576923076923077
0 0.8401442307692307 0.7848557692307693 0.06009615384615385 0.11538461538461539
0 0.4963942307692308 0.796875 0.0625 0.1201923076923077
0 0.2439903846153846 0.8016826923076923 0.057692307692307696 0.11538461538461539
0 0.7475961538461539 0.7848557692307693 0.0625 0.11298076923076923
0 0.6682692307692307 0.7848557692307693 0.0673076923076923 0.12740384615384615
0 0.06850961538461539 0.8064903846153846 0.052884615384615384 0.12740384615384615
0 0.5841346153846154 0.7860576923076923 0.0625 0.12740384615384615
0 0.65625 0.49158653846153844 0.06009615384615385 0.21875
0 0.9158653846153846 0.4807692307692308 0.06490384615384616 0.24278846153846154
0 0.828125 0.47475961538461536 0.07692307692307693 0.24519230769230768
0 0.5697115384615384 0.484375 0.07211538461538461 0.2692307692307692
0 0.22596153846153846 0.49759615384615385 0.07211538461538461 0.25240384615384615
0 0.055288461538461536 0.4987980769230769 0.07211538461538461 0.25721153846153844
0 0.14182692307692307 0.4951923076923077 0.07692307692307693 0.25721153846153844
0 0.7427884615384616 0.46274038461538464 0.06971153846153846 0.2668269230769231
0 0.39783653846153844 0.3449519230769231 0.0889423076923077 0.5024038461538461
0 0.47836538461538464 0.203125 0.06490384615384616 0.2932692307692308
0 0.04447115384615385 0.2091346153846154 0.07211538461538461 0.25961538461538464
0 0.22235576923076922 0.19951923076923078 0.07211538461538461 0.27163461538461536
0 0.734375 0.17908653846153846 0.0673076923076923 0.25240384615384615
0 0.13221153846153846 0.1875 0.0625 0.23557692307692307
0 0.6466346153846154 0.16346153846153846 0.06490384615384616 0.2283653846153846