0 0.2536057692307692 0.11778846153846154 0.18990384615384615 0.0625
0 0.234375 0.8004807692307693 0.19951923076923078 0.06490384615384616
0 0.25600961538461536 0.20552884615384615 0.20192307692307693 0.06971153846153846
0 0.2512019230769231 0.3762019230769231 0.20432692307692307 0.06490384615384616
0 0.24278846153846154 0.7139423076923077 0.19951923076923078 0.0673076923076923
0 0.23677884615384615 0.9627403846153846 0.22115384615384615 0.06009615384615385
0 0.25600961538461536 0.5456730769230769 0.22355769230769232 0.07211538461538461
0 0.25841346153846156 0.46274038461538464 0.22355769230769232 0.06971153846153846
0 0.2439903846153846 0.8870192307692307 0.22355769230769232 0.0673076923076923
0 0.27283653846153844 0.29447115384615385 0.2403846153846154 0.07451923076923077
0 0.26802884615384615 0.6322115384615384 0.25 0.06971153846153846
0 0.5108173076923077 0.8149038461538461 0.29086538461538464 0.0673076923076923
0 0.5072115384615384 0.9723557692307693 0.2932692307692308 0.05048076923076923
0 0.5144230769230769 0.9038461538461539 0.2764423076923077 0.07451923076923077
0 0.5372596153846154 0.3870192307692308 0.22596153846153846 0.06490384615384616
0 0.5516826923076923 0.04567307692307692 0.25240384615384615 0.06971153846153846
0 0.5540865384615384 0.13341346153846154 0.25240384615384615 0.07211538461538461
0 0.5516826923076923 0.21514423076923078 0.24278846153846154 0.0673076923076923
0 0.5504807692307693 0.30408653846153844 0.24278846153846154 0.06009615384615385
0 0.5360576923076923 0.7271634615384616 0.2403846153846154 0.06490384615384616
0 0.5420673076923077 0.6442307692307693 0.23076923076923078 0.0673076923076923
0 0.5504807692307693 0.4735576923076923 0.21153846153846154 0.0673076923076923
0 0.5576923076923077 0.5612980769230769 0.21875 0.0625
0 0.8834134615384616 0.6442307692307693 0.22115384615384615 0.0673076923076923
0 0.890625 0.47596153846153844 0.21394230769230768 0.07692307692307693
0 0.8858173076923077 0.7271634615384616 0.21153846153846154 0.06971153846153846
0 0.890625 0.5612980769230769 0.21153846153846154 0.07451923076923077
0 0.8942307692307693 0.3894230769230769 0.20673076923076922 0.07211538461538461
0 0.8954326923076923 0.30288461538461536 0.20432692307692307 0.07211538461538461
0 0.8990384615384616 0.1310096153846154 0.1971153846153846 0.08413461538461539
0 0.9002403846153846 0.04567307692307692 0.19471153846153846 0.0673076923076923
0 0.8786057692307693 0.9759615384615384 0.2091346153846154 0.04326923076923077
0 0.8822115384615384 0.9038461538461539 0.20432692307692307 0.0673076923076923
0 0.8846153846153846 0.8161057692307693 0.20673076923076922 0.06490384615384616
0 0.90625 0.21634615384615385 0.18269230769230768 0.07692307692307693
0 0.2536057692307692 0.038461538461538464 0.18028846153846154 0.0673076923076923