0 0.5901442307692307 0.24639423076923078 0.07932692307692307 0.18269230769230768
0 0.7572115384615384 0.25841346153846156 0.07692307692307693 0.18990384615384615
0 0.2548076923076923 0.22716346153846154 0.0673076923076923 0.19230769230769232
0 0.6730769230769231 0.2644230769230769 0.07211538461538461 0.2091346153846154
0 0.08173076923076923 0.22355769230769232 0.07451923076923077 0.20432692307692307
0 0.16706730769230768 0.22956730769230768 0.07692307692307693 0.21394230769230768
0 0.5060096153846154 0.2548076923076923 0.07932692307692307 0.22115384615384615
0 0.9302884615384616 0.2848557692307692 0.09375 0.21153846153846154
0 0.33653846153846156 0.24519230769230768 0.07692307692307693 0.22596153846153846
0 0.8377403846153846 0.2824519230769231 0.08653846153846154 0.23076923076923078
0 0.4206730769230769 0.2548076923076923 0.07451923076923077 0.23076923076923078
0 0.9819711538461539 0.2980769230769231 0.03125 0.23076923076923078
0 0.49399038461538464 0.5120192307692307 0.08173076923076923 0.28846153846153844
0 0.15865384615384615 0.49278846153846156 0.07692307692307693 0.2860576923076923
0 0.24278846153846154 0.5144230769230769 0.08173076923076923 0.25240384615384615
0 0.3293269230769231 0.5228365384615384 0.08413461538461539 0.23798076923076922
0 0.07211538461538461 0.5048076923076923 0.06971153846153846 0.21634615384615385
0 0.9254807692307693 0.5649038461538461 0.06971153846153846 0.20673076923076922
0 0.40865384615384615 0.5300480769230769 0.07451923076923077 0.23317307692307693
0 0.578125 0.5492788461538461 0.07451923076923077 0.23798076923076922
0 0.6622596153846154 0.5600961538461539 0.08173076923076923 0.23076923076923078
0 0.016826923076923076 0.515625 0.03365384615384615 0.2091346153846154
0 0.8353365384615384 0.5757211538461539 0.06971153846153846 0.20673076923076922
0 0.7427884615384616 0.5697115384615384 0.08173076923076923 0.22596153846153846
0 0.38341346153846156 0.8810096153846154 0.07932692307692307 0.19951923076923078
0 0.640625 0.8978365384615384 0.06490384615384616 0.19951923076923078
0 0.04326923076923077 0.8581730769230769 0.08653846153846154 0.22115384615384615
0 0.12620192307692307 0.8653846153846154 0.07451923076923077 0.21875
0 0.3004807692307692 0.8786057692307693 0.08173076923076923 0.21634615384615385
0 0.2127403846153846 0.8737980769230769 0.07451923076923077 0.21394230769230768
0 0.7283653846153846 0.9050480769230769 0.08173076923076923 0.18509615384615385
0 0.8161057692307693 0.9086538461538461 0.07932692307692307 0.1778846153846154
0 0.9002403846153846 0.9122596153846154 0.07451923076923077 0.17067307692307693
0 0.47115384615384615 0.9002403846153846 0.0673076923076923 0.18990384615384615
0 0.5540865384615384 0.90625 0.07932692307692307 0.18269230769230768