0 0.7668269230769231 0.9302884615384616 0.22115384615384615 0.07932692307692307
0 0.7596153846153846 0.8401442307692307 0.22355769230769232 0.06971153846153846
0 0.7439903846153846 0.5817307692307693 0.21634615384615385 0.057692307692307696
0 0.7271634615384616 0.07692307692307693 0.22115384615384615 0.06009615384615385
0 0.7331730769230769 0.3329326923076923 0.22596153846153846 0.06009615384615385
0 0.7271634615384616 0.16466346153846154 0.22596153846153846 0.06490384615384616
0 0.7355769230769231 0.41947115384615385 0.2283653846153846 0.07451923076923077
0 0.7379807692307693 0.5048076923076923 0.2283653846153846 0.0673076923076923
0 0.7439903846153846 0.7524038461538461 0.24278846153846154 0.07211538461538461
0 0.7211538461538461 0.015625 0.23557692307692307 0.03125
0 0.7259615384615384 0.25 0.21634615384615385 0.0673076923076923
0 0.7379807692307693 0.671875 0.22115384615384615 0.06490384615384616
0 0.4050480769230769 0.5913461538461539 0.19951923076923078 0.07692307692307693
0 0.40384615384615385 0.7596153846153846 0.21394230769230768 0.07451923076923077
0 0.3942307692307692 0.6730769230769231 0.21634615384615385 0.0673076923076923
0 0.37740384615384615 0.25841346153846156 0.21634615384615385 0.0673076923076923
0 0.40024038461538464 0.9326923076923077 0.23798076923076922 0.0625
0 0.36778846153846156 0.020432692307692308 0.21153846153846154 0.03365384615384615
0 0.38341346153846156 0.5096153846153846 0.21634615384615385 0.07211538461538461
0 0.36899038461538464 0.16947115384615385 0.25 0.06971153846153846
0 0.3713942307692308 0.3425480769230769 0.24278846153846154 0.0673076923076923
0 0.3701923076923077 0.42427884615384615 0.25721153846153844 0.06971153846153846
0 0.3581730769230769 0.0829326923076923 0.24278846153846154 0.0625
0 0.3762019230769231 0.8425480769230769 0.23557692307692307 0.07692307692307693
0 0.1141826923076923 0.18990384615384615 0.2283653846153846 0.0673076923076923
0 0.1141826923076923 0.5324519230769231 0.22355769230769232 0.06009615384615385
0 0.12860576923076922 0.9543269230769231 0.22355769230769232 0.0673076923076923
0 0.10216346153846154 0.03485576923076923 0.20432692307692307 0.04567307692307692
0 0.10216346153846154 0.36538461538461536 0.20432692307692307 0.07692307692307693
0 0.09975961538461539 0.2692307692307692 0.19951923076923078 0.0673076923076923
0 0.10576923076923077 0.78125 0.18509615384615385 0.06009615384615385
0 0.0985576923076923 0.6141826923076923 0.18269230769230768 0.0673076923076923
0 0.10336538461538461 0.7007211538461539 0.18990384615384615 0.0673076923076923
0 0.09375 0.4423076923076923 0.1875 0.0673076923076923
0 0.08533653846153846 0.10576923076923077 0.17067307692307693 0.0673076923076923
0 0.10096153846153846 0.8701923076923077 0.17307692307692307 0.0673076923076923