0 0.9831730769230769 0.4483173076923077 0.028846153846153848 0.24278846153846154
0 0.15865384615384615 0.4182692307692308 0.0625 0.2764423076923077
0 0.49399038461538464 0.4326923076923077 0.06971153846153846 0.29086538461538464
0 0.4098557692307692 0.43149038461538464 0.06971153846153846 0.2764423076923077
0 0.9314903846153846 0.4579326923076923 0.06009615384615385 0.24278846153846154
0 0.33052884615384615 0.4423076923076923 0.07692307692307693 0.25
0 0.23557692307692307 0.44350961538461536 0.06971153846153846 0.25961538461538464
0 0.07451923076923077 0.43990384615384615 0.0673076923076923 0.25721153846153844
0 0.5841346153846154 0.4639423076923077 0.0625 0.2283653846153846
0 0.8365384615384616 0.47596153846153844 0.0673076923076923 0.23317307692307693
0 0.7487980769230769 0.4735576923076923 0.06490384615384616 0.23557692307692307
0 0.6646634615384616 0.47475961538461536 0.06490384615384616 0.2283653846153846
0 0.4831730769230769 0.8125 0.07451923076923077 0.24759615384615385
0 0.65625 0.8245192307692307 0.0625 0.22596153846153846
0 0.9170673076923077 0.8365384615384616 0.06971153846153846 0.25721153846153844
0 0.5661057692307693 0.8305288461538461 0.07451923076923077 0.27403846153846156
0 0.8305288461538461 0.8401442307692307 0.06971153846153846 0.25961538461538464
0 0.22115384615384615 0.8209134615384616 0.06971153846153846 0.25
0 0.13701923076923078 0.8209134615384616 0.07932692307692307 0.25961538461538464
0 0.052884615384615384 0.8221153846153846 0.07211538461538461 0.2692307692307692
0 0.3137019230769231 0.8341346153846154 0.06490384615384616 0.28365384615384615
0 0.7391826923076923 0.8485576923076923 0.07932692307692307 0.2692307692307692
0 0.3954326923076923 0.8377403846153846 0.07451923076923077 0.29086538461538464
0 0.5805288461538461 0.19831730769230768 0.06009615384615385 0.09615384615384616
0 0.7475961538461539 0.20673076923076922 0.0625 0.10576923076923077
0 0.24158653846153846 0.18990384615384615 0.0625 0.10817307692307693
0 0.07091346153846154 0.19110576923076922 0.0625 0.11778846153846154
0 0.6646634615384616 0.21514423076923078 0.055288461538461536 0.12740384615384615
0 0.15745192307692307 0.19831730769230768 0.052884615384615384 0.12980769230769232
0 0.5 0.21394230769230768 0.0673076923076923 0.13701923076923078
0 0.9831730769230769 0.23317307692307693 0.028846153846153848 0.1346153846153846
0 0.8305288461538461 0.22716346153846154 0.07451923076923077 0.13701923076923078
0 0.3269230769230769 0.21153846153846154 0.0625 0.14423076923076922
0 0.41346153846153844 0.21634615384615385 0.0625 0.14423076923076922
0 0.9182692307692307 0.234375 0.07211538461538461 0.14423076923076922