0 0.7548076923076923 0.2536057692307692 0.1875 0.0625
0 0.7644230769230769 0.8425480769230769 0.19471153846153846 0.0625
0 0.7524038461538461 0.16706730769230768 0.18990384615384615 0.0673076923076923
0 0.7608173076923077 0.7596153846153846 0.20432692307692307 0.06490384615384616
0 0.7536057692307693 0.4206730769230769 0.20673076923076922 0.06490384615384616
0 0.7463942307692307 0.016826923076923076 0.19951923076923078 0.03365384615384615
0 0.75 0.3401442307692308 0.19230769230769232 0.0625
0 0.7548076923076923 0.6730769230769231 0.20432692307692307 0.06490384615384616
0 0.7512019230769231 0.5877403846153846 0.20673076923076922 0.057692307692307696
0 0.7487980769230769 0.5060096153846154 0.2091346153846154 0.06971153846153846
0 0.7415865384615384 0.0829326923076923 0.2091346153846154 0.06971153846153846
0 0.4266826923076923 0.5841346153846154 0.21153846153846154 0.06490384615384616
0 0.4230769230769231 0.7524038461538461 0.22596153846153846 0.06971153846153846
0 0.4110576923076923 0.25240384615384615 0.22115384615384615 0.06490384615384616
0 0.41225961538461536 0.6670673076923077 0.24278846153846154 0.0673076923076923
0 0.4014423076923077 0.015625 0.22355769230769232 0.028846153846153848
0 0.4050480769230769 0.5048076923076923 0.24759615384615385 0.06971153846153846
0 0.39663461538461536 0.08052884615384616 0.23557692307692307 0.0625
0 0.39783653846153844 0.1658653846153846 0.25 0.06490384615384616
0 0.40865384615384615 0.9242788461538461 0.24519230769230768 0.07211538461538461
0 0.39783653846153844 0.33774038461538464 0.24759615384615385 0.0625
0 0.3942307692307692 0.421875 0.25240384615384615 0.06490384615384616
0 0.4014423076923077 0.8377403846153846 0.24759615384615385 0.0673076923076923
0 0.13341346153846154 0.5192307692307693 0.2620192307692308 0.06490384615384616
0 0.13942307692307693 0.9435096153846154 0.25961538461538464 0.0673076923076923
0 0.12740384615384615 0.17548076923076922 0.2548076923076923 0.07211538461538461
0 0.12740384615384615 0.43149038461538464 0.25240384615384615 0.0673076923076923
0 0.11899038461538461 0.028846153846153848 0.23798076923076922 0.04326923076923077
0 0.11778846153846154 0.34975961538461536 0.23557692307692307 0.06971153846153846
0 0.109375 0.0985576923076923 0.21875 0.07211538461538461
0 0.10697115384615384 0.2644230769230769 0.21394230769230768 0.0673076923076923
0 0.10817307692307693 0.6069711538461539 0.2091346153846154 0.07451923076923077
0 0.11057692307692307 0.7716346153846154 0.20673076923076922 0.06971153846153846
0 0.10697115384615384 0.6935096153846154 0.20192307692307693 0.0625
0 0.1045673076923077 0.8605769230769231 0.19230769230769232 0.06490384615384616
0 0.7728365384615384 0.9350961538461539 0.17548076923076922 0.06971153846153846