0 0.6490384615384616 0.9146634615384616 0.21634615384615385 0.07451923076923077
0 0.6802884615384616 0.39663461538461536 0.2283653846153846 0.06971153846153846
0 0.6862980769230769 0.3125 0.22355769230769232 0.07211538461538461
0 0.6514423076923077 0.7391826923076923 0.2283653846153846 0.06971153846153846
0 0.6875 0.23197115384615385 0.2403846153846154 0.08653846153846154
0 0.6334134615384616 0.9759615384615384 0.21875 0.04326923076923077
0 0.6430288461538461 0.8245192307692307 0.23798076923076922 0.07211538461538461
0 0.6490384615384616 0.6586538461538461 0.25961538461538464 0.07692307692307693
0 0.6850961538461539 0.14543269230769232 0.24759615384615385 0.08173076923076923
0 0.6911057692307693 0.05048076923076923 0.25 0.06971153846153846
0 0.6598557692307693 0.4855769230769231 0.2403846153846154 0.08173076923076923
0 0.6514423076923077 0.5661057692307693 0.25240384615384615 0.07451923076923077
0 0.4182692307692308 0.04567307692307692 0.24278846153846154 0.07451923076923077
0 0.3858173076923077 0.47115384615384615 0.2860576923076923 0.07932692307692307
0 0.39783653846153844 0.2127403846153846 0.2692307692307692 0.07932692307692307
0 0.39903846153846156 0.125 0.24759615384615385 0.07211538461538461
0 0.3786057692307692 0.38822115384615385 0.2548076923076923 0.07451923076923077
0 0.36538461538461536 0.5492788461538461 0.25 0.07211538461538461
0 0.33774038461538464 0.8930288461538461 0.24278846153846154 0.07451923076923077
0 0.33052884615384615 0.9639423076923077 0.27163461538461536 0.06490384615384616
0 0.35336538461538464 0.6358173076923077 0.2403846153846154 0.07692307692307693
0 0.3401442307692308 0.7980769230769231 0.24519230769230768 0.07692307692307693
0 0.3401442307692308 0.7211538461538461 0.23076923076923078 0.07451923076923077
0 0.36658653846153844 0.3004807692307692 0.21875 0.07211538461538461
0 0.08052884615384616 0.28846153846153844 0.1346153846153846 0.07451923076923077
0 0.06129807692307692 0.6189903846153846 0.12259615384615384 0.07932692307692307
0 0.0673076923076923 0.4543269230769231 0.12980769230769232 0.06971153846153846
0 0.055288461538461536 0.7043269230769231 0.11057692307692307 0.07211538461538461
0 0.0733173076923077 0.36778846153846156 0.12980769230769232 0.07451923076923077
0 0.09014423076923077 0.11658653846153846 0.12980769230769232 0.08173076923076923
0 0.0625 0.5408653846153846 0.125 0.07692307692307693
0 0.09495192307692307 0.036057692307692304 0.12740384615384615 0.07211538461538461
0 0.052884615384615384 0.7896634615384616 0.10576923076923077 0.07451923076923077
0 0.07932692307692307 0.20192307692307693 0.11778846153846154 0.0625
0 0.04447115384615385 0.9435096153846154 0.0889423076923077 0.055288461538461536
0 0.042067307692307696 0.8762019230769231 0.08413461538461539 0.06490384615384616