0 0.5192307692307693 0.8076923076923077 0.06009615384615385 0.07692307692307693
0 0.27163461538461536 0.8137019230769231 0.0625 0.07211538461538461
0 0.3473557692307692 0.53125 0.06009615384615385 0.22115384615384615
0 0.08533653846153846 0.5360576923076923 0.06490384615384616 0.2403846153846154
0 0.17067307692307693 0.5300480769230769 0.0673076923076923 0.2403846153846154
0 0.4326923076923077 0.5216346153846154 0.0625 0.25721153846153844
0 0.7740384615384616 0.5120192307692307 0.0673076923076923 0.24519230769230768
0 0.9435096153846154 0.5108173076923077 0.06971153846153846 0.25721153846153844
0 0.859375 0.5108173076923077 0.06971153846153846 0.24519230769230768
0 0.25961538461538464 0.5144230769230769 0.0625 0.2620192307692308
0 0.5973557692307693 0.3798076923076923 0.07932692307692307 0.5072115384615384
0 0.42427884615384615 0.328125 0.06971153846153846 0.44711538461538464
0 0.5096153846153846 0.25961538461538464 0.06009615384615385 0.2980769230769231
0 0.018028846153846152 0.23197115384615385 0.036057692307692304 0.2764423076923077
0 0.6790865384615384 0.22235576923076922 0.06009615384615385 0.25
0 0.2512019230769231 0.22596153846153846 0.06009615384615385 0.25
0 0.8557692307692307 0.21514423076923078 0.0625 0.25961538461538464
0 0.7644230769230769 0.21394230769230768 0.0673076923076923 0.27403846153846156
0 0.3389423076923077 0.21153846153846154 0.0625 0.22115384615384615