0 0.0673076923076923 0.39903846153846156 0.04567307692307692 0.20673076923076922
0 0.5048076923076923 0.3954326923076923 0.057692307692307696 0.2860576923076923
0 0.5901442307692307 0.39903846153846156 0.0625 0.2764423076923077
0 0.014423076923076924 0.4098557692307692 0.028846153846153848 0.24759615384615385
0 0.84375 0.3954326923076923 0.06490384615384616 0.2932692307692308
0 0.671875 0.40865384615384615 0.07211538461538461 0.24278846153846154
0 0.7632211538461539 0.41466346153846156 0.06490384615384616 0.25
0 0.9266826923076923 0.4182692307692308 0.0673076923076923 0.24519230769230768
0 0.16466346153846154 0.4338942307692308 0.0625 0.21634615384615385
0 0.2512019230769231 0.4362980769230769 0.0625 0.2283653846153846
0 0.4182692307692308 0.4338942307692308 0.06009615384615385 0.23557692307692307
0 0.33774038461538464 0.4375 0.0673076923076923 0.22115384615384615
0 0.5108173076923077 0.7716346153846154 0.06490384615384616 0.22596153846153846
0 0.08533653846153846 0.7896634615384616 0.06971153846153846 0.23798076923076922
0 0.33653846153846156 0.7860576923076923 0.057692307692307696 0.22596153846153846
0 0.1658653846153846 0.7944711538461539 0.0673076923076923 0.2403846153846154
0 0.6850961538461539 0.7884615384615384 0.057692307692307696 0.24759615384615385
0 0.9399038461538461 0.7896634615384616 0.0673076923076923 0.2620192307692308
0 0.7716346153846154 0.7920673076923077 0.0673076923076923 0.24759615384615385
0 0.42788461538461536 0.7992788461538461 0.0673076923076923 0.27884615384615385
0 0.8557692307692307 0.7944711538461539 0.07211538461538461 0.2548076923076923
0 0.6033653846153846 0.8088942307692307 0.0625 0.2932692307692308
0 0.2512019230769231 0.8149038461538461 0.0673076923076923 0.28365384615384615
0 0.4254807692307692 0.1778846153846154 0.06009615384615385 0.055288461538461536
0 0.25841346153846156 0.18629807692307693 0.06009615384615385 0.07692307692307693
0 0.9350961538461539 0.18389423076923078 0.057692307692307696 0.0889423076923077
0 0.7620192307692307 0.18629807692307693 0.0625 0.09375
0 0.34375 0.19471153846153846 0.06009615384615385 0.09134615384615384
0 0.020432692307692308 0.203125 0.040865384615384616 0.10336538461538461
0 0.09014423076923077 0.20192307692307693 0.0673076923076923 0.09615384615384616
0 0.8497596153846154 0.18870192307692307 0.04807692307692308 0.08653846153846154
0 0.5060096153846154 0.19591346153846154 0.057692307692307696 0.0985576923076923
0 0.171875 0.203125 0.057692307692307696 0.10096153846153846
0 0.6766826923076923 0.19591346153846154 0.04807692307692308 0.10096153846153846
0 0.59375 0.19831730769230768 0.05048076923076923 0.10336538461538461