0 0.04447115384615385 0.27283653846153844 0.06490384615384616 0.21875
0 0.12259615384615384 0.27524038461538464 0.052884615384615384 0.22355769230769232
0 0.21153846153846154 0.27884615384615385 0.057692307692307696 0.22596153846153846
0 0.8052884615384616 0.2824519230769231 0.052884615384615384 0.2091346153846154
0 0.38100961538461536 0.28365384615384615 0.055288461538461536 0.22596153846153846
0 0.71875 0.2848557692307692 0.057692307692307696 0.22355769230769232
0 0.5540865384615384 0.2956730769230769 0.06009615384615385 0.2403846153846154
0 0.4675480769230769 0.29927884615384615 0.06490384615384616 0.24278846153846154
0 0.8930288461538461 0.3004807692307692 0.055288461538461536 0.23076923076923078
0 0.9699519230769231 0.30528846153846156 0.055288461538461536 0.22115384615384615
0 0.640625 0.30649038461538464 0.055288461538461536 0.2668269230769231
0 0.29927884615384615 0.30649038461538464 0.06009615384615385 0.28125
0 0.8954326923076923 0.5661057692307693 0.06490384615384616 0.2620192307692308
0 0.04447115384615385 0.5673076923076923 0.06009615384615385 0.2644230769230769
0 0.8076923076923077 0.5697115384615384 0.057692307692307696 0.30288461538461536
0 0.9711538461538461 0.5745192307692307 0.052884615384615384 0.2932692307692308
0 0.3870192307692308 0.5829326923076923 0.057692307692307696 0.25240384615384615
0 0.12980769230769232 0.5865384615384616 0.0673076923076923 0.25
0 0.7235576923076923 0.5913461538461539 0.052884615384615384 0.24519230769230768
0 0.20793269230769232 0.5913461538461539 0.055288461538461536 0.23557692307692307
0 0.296875 0.5925480769230769 0.05048076923076923 0.24759615384615385
0 0.640625 0.5985576923076923 0.05048076923076923 0.22596153846153846
0 0.4699519230769231 0.6021634615384616 0.05048076923076923 0.22355769230769232
0 0.5540865384615384 0.6033653846153846 0.055288461538461536 0.21634615384615385
0 0.6310096153846154 0.9134615384615384 0.06009615384615385 0.16826923076923078
0 0.37259615384615385 0.9134615384615384 0.0625 0.16826923076923078
0 0.1201923076923077 0.9146634615384616 0.08173076923076923 0.1658653846153846
0 0.7175480769230769 0.9158653846153846 0.06009615384615385 0.16346153846153846
0 0.9675480769230769 0.9170673076923077 0.06009615384615385 0.16105769230769232
0 0.45552884615384615 0.9146634615384616 0.07451923076923077 0.1658653846153846
0 0.2824519230769231 0.9146634615384616 0.06971153846153846 0.1658653846153846
0 0.1971153846153846 0.9146634615384616 0.07692307692307693 0.1658653846153846
0 0.7980769230769231 0.9146634615384616 0.0673076923076923 0.1658653846153846
0 0.02403846153846154 0.9170673076923077 0.04807692307692308 0.16105769230769232
0 0.5456730769230769 0.9182692307692307 0.07211538461538461 0.15865384615384615
0 0.8846153846153846 0.9194711538461539 0.0673076923076923 0.15625