0 0.265625 0.03365384615384615 0.1875 0.06490384615384616
0 0.24519230769230768 0.46274038461538464 0.18990384615384615 0.055288461538461536
0 0.24278846153846154 0.5456730769230769 0.18509615384615385 0.055288461538461536
0 0.23918269230769232 0.6370192307692307 0.1875 0.055288461538461536
0 0.5048076923076923 0.056490384615384616 0.24519230769230768 0.0673076923076923
0 0.5036057692307693 0.2247596153846154 0.27403846153846156 0.07451923076923077
0 0.49158653846153844 0.4831730769230769 0.28125 0.07211538461538461
0 0.5144230769230769 0.14302884615384615 0.23798076923076922 0.0673076923076923
0 0.5024038461538461 0.39783653846153844 0.23798076923076922 0.0673076923076923
0 0.4951923076923077 0.5625 0.24519230769230768 0.06490384615384616
0 0.47716346153846156 0.9014423076923077 0.23557692307692307 0.0673076923076923
0 0.484375 0.8173076923076923 0.25 0.06971153846153846
0 0.4807692307692308 0.9723557692307693 0.2644230769230769 0.05048076923076923
0 0.4987980769230769 0.6490384615384616 0.23076923076923078 0.06971153846153846
0 0.5024038461538461 0.7331730769230769 0.21394230769230768 0.06490384615384616
0 0.5252403846153846 0.3137019230769231 0.22115384615384615 0.06490384615384616
0 0.8557692307692307 0.42427884615384615 0.21875 0.07451923076923077
0 0.8725961538461539 0.2548076923076923 0.23076923076923078 0.07211538461538461
0 0.8521634615384616 0.7608173076923077 0.23317307692307693 0.0673076923076923
0 0.8725961538461539 0.34375 0.25 0.07211538461538461
0 0.8701923076923077 0.5060096153846154 0.25721153846153844 0.07451923076923077
0 0.8533653846153846 0.8461538461538461 0.2548076923076923 0.07211538461538461
0 0.8641826923076923 0.671875 0.25240384615384615 0.07692307692307693
0 0.8810096153846154 0.17427884615384615 0.23317307692307693 0.08413461538461539
0 0.8701923076923077 0.5925480769230769 0.24759615384615385 0.07211538461538461
0 0.8858173076923077 0.08774038461538461 0.22355769230769232 0.07932692307692307
0 0.8533653846153846 0.9855769230769231 0.2403846153846154 0.02403846153846154
0 0.8569711538461539 0.9290865384615384 0.2403846153846154 0.0673076923076923
0 0.203125 0.8930288461538461 0.15625 0.06490384615384616
0 0.19951923076923078 0.9651442307692307 0.15865384615384615 0.040865384615384616
0 0.234375 0.3786057692307692 0.16105769230769232 0.052884615384615384
0 0.2403846153846154 0.28966346153846156 0.15865384615384615 0.057692307692307696
0 0.22235576923076922 0.7175480769230769 0.16346153846153846 0.052884615384615384
0 0.24879807692307693 0.20673076923076922 0.17307692307692307 0.06490384615384616
0 0.21995192307692307 0.8016826923076923 0.17548076923076922 0.055288461538461536
0 0.25721153846153844 0.11538461538461539 0.17067307692307693 0.055288461538461536