0 0.5204326923076923 0.6850961538461539 0.0625 0.2980769230769231
0 0.03125 0.65625 0.052884615384615384 0.2620192307692308
0 0.09615384615384616 0.65625 0.0625 0.25961538461538464
0 0.6081730769230769 0.6646634615384616 0.0625 0.24278846153846154
0 0.9567307692307693 0.6730769230769231 0.07211538461538461 0.25721153846153844
0 0.7764423076923077 0.6622596153846154 0.0673076923076923 0.27163461538461536
0 0.2704326923076923 0.6526442307692307 0.06009615384615385 0.25
0 0.8677884615384616 0.6526442307692307 0.0625 0.22596153846153846
0 0.3545673076923077 0.6418269230769231 0.06009615384615385 0.21153846153846154
0 0.18509615384615385 0.6262019230769231 0.07211538461538461 0.24519230769230768
0 0.7896634615384616 0.2932692307692308 0.0625 0.21634615384615385
0 0.8737980769230769 0.2824519230769231 0.08173076923076923 0.24759615384615385
0 0.9627403846153846 0.2848557692307692 0.0625 0.2403846153846154
0 0.6117788461538461 0.2644230769230769 0.0625 0.28846153846153844
0 0.7019230769230769 0.26802884615384615 0.06490384615384616 0.28365384615384615