0 0.9423076923076923 0.4074519230769231 0.07932692307692307 0.22355769230769232
0 0.7668269230769231 0.42427884615384615 0.08173076923076923 0.2668269230769231
0 0.8521634615384616 0.4254807692307692 0.07932692307692307 0.23076923076923078
0 0.17908653846153846 0.484375 0.0889423076923077 0.22596153846153846
0 0.027644230769230768 0.5012019230769231 0.055288461538461536 0.22355769230769232
0 0.09495192307692307 0.49399038461538464 0.08413461538461539 0.23076923076923078
0 0.43509615384615385 0.4699519230769231 0.0889423076923077 0.25
0 0.35216346153846156 0.47836538461538464 0.07692307692307693 0.2091346153846154
0 0.5168269230769231 0.46634615384615385 0.07692307692307693 0.2283653846153846
0 0.59375 0.45913461538461536 0.07451923076923077 0.23317307692307693
0 0.265625 0.49038461538461536 0.07451923076923077 0.20432692307692307
0 0.6826923076923077 0.4639423076923077 0.07932692307692307 0.2091346153846154
0 0.6213942307692307 0.7896634615384616 0.07211538461538461 0.2283653846153846
0 0.20552884615384615 0.8425480769230769 0.08413461538461539 0.23798076923076922
0 0.7884615384615384 0.7980769230769231 0.08413461538461539 0.21634615384615385
0 0.2932692307692308 0.8425480769230769 0.07451923076923077 0.21394230769230768
0 0.7043269230769231 0.8088942307692307 0.08653846153846154 0.24278846153846154
0 0.5420673076923077 0.8245192307692307 0.08173076923076923 0.25
0 0.9567307692307693 0.7896634615384616 0.08413461538461539 0.2668269230769231
0 0.05048076923076923 0.8689903846153846 0.04807692307692308 0.20673076923076922
0 0.8762019230769231 0.8064903846153846 0.07451923076923077 0.21394230769230768
0 0.12139423076923077 0.8725961538461539 0.07692307692307693 0.24278846153846154
0 0.46274038461538464 0.8569711538461539 0.07211538461538461 0.21394230769230768
0 0.009615384615384616 0.24278846153846154 0.019230769230769232 0.11057692307692307
0 0.5793269230769231 0.19591346153846154 0.0625 0.11538461538461539
0 0.6682692307692307 0.19110576923076922 0.0625 0.125
0 0.06971153846153846 0.2439903846153846 0.0673076923076923 0.11298076923076923
0 0.7524038461538461 0.1875 0.07451923076923077 0.13221153846153846
0 0.24158653846153846 0.23317307692307693 0.07211538461538461 0.1346153846153846
0 0.8353365384615384 0.18269230769230768 0.0673076923076923 0.14182692307692307
0 0.15504807692307693 0.24278846153846154 0.0625 0.1346153846153846
0 0.921875 0.1778846153846154 0.07211538461538461 0.1346153846153846
0 0.41466346153846156 0.22355769230769232 0.0625 0.15144230769230768
0 0.3269230769230769 0.23317307692307693 0.06971153846153846 0.1346153846153846
0 0.4963942307692308 0.21875 0.07692307692307693 0.15625