0 0.6237980769230769 0.9314903846153846 0.06490384615384616 0.13221153846153846
0 0.3605769230769231 0.9290865384615384 0.06009615384615385 0.13221153846153846
0 0.9567307692307693 0.9350961538461539 0.07211538461538461 0.125
0 0.5372596153846154 0.9326923076923077 0.07932692307692307 0.12980769230769232
0 0.19471153846153846 0.9290865384615384 0.06971153846153846 0.12740384615384615
0 0.27403846153846156 0.9302884615384616 0.06490384615384616 0.12740384615384615
0 0.44591346153846156 0.9326923076923077 0.07211538461538461 0.12740384615384615
0 0.7115384615384616 0.9362980769230769 0.07211538461538461 0.12259615384615384
0 0.10817307692307693 0.9278846153846154 0.06971153846153846 0.1201923076923077
0 0.028846153846153848 0.9290865384615384 0.057692307692307696 0.12259615384615384
0 0.9603365384615384 0.3137019230769231 0.0625 0.21634615384615385
0 0.8810096153846154 0.3173076923076923 0.0625 0.22115384615384615
0 0.2848557692307692 0.3137019230769231 0.0625 0.22596153846153846
0 0.1971153846153846 0.3112980769230769 0.06009615384615385 0.21394230769230768
0 0.6225961538461539 0.3233173076923077 0.06009615384615385 0.23317307692307693
0 0.5348557692307693 0.3293269230769231 0.06490384615384616 0.24519230769230768
0 0.4519230769230769 0.328125 0.0673076923076923 0.24519230769230768
0 0.7043269230769231 0.33653846153846156 0.07211538461538461 0.27163461538461536
0 0.11298076923076923 0.3269230769230769 0.0673076923076923 0.23076923076923078
0 0.03125 0.3269230769230769 0.06009615384615385 0.21875
0 0.3605769230769231 0.3329326923076923 0.06490384615384616 0.25721153846153844
0 0.6201923076923077 0.5901442307692307 0.06009615384615385 0.2620192307692308
0 0.953125 0.6069711538461539 0.07211538461538461 0.2620192307692308
0 0.1875 0.609375 0.06490384615384616 0.2932692307692308
0 0.7884615384615384 0.6237980769230769 0.052884615384615384 0.23317307692307693
0 0.8677884615384616 0.6262019230769231 0.07211538461538461 0.2548076923076923
0 0.27163461538461536 0.6189903846153846 0.06009615384615385 0.25
0 0.3557692307692308 0.6298076923076923 0.057692307692307696 0.23076923076923078
0 0.5288461538461539 0.6358173076923077 0.057692307692307696 0.21875
0 0.44471153846153844 0.6526442307692307 0.0673076923076923 0.25