0 0.2920673076923077 0.4951923076923077 0.28846153846153844 0.07211538461538461
0 0.2776442307692308 0.07451923076923077 0.24519230769230768 0.07692307692307693
0 0.28725961538461536 0.24278846153846154 0.27884615384615385 0.07692307692307693
0 0.2848557692307692 0.15745192307692307 0.24519230769230768 0.07451923076923077
0 0.30528846153846156 0.5841346153846154 0.25721153846153844 0.07211538461538461
0 0.32572115384615385 0.9807692307692307 0.2668269230769231 0.03365384615384615
0 0.3076923076923077 0.4098557692307692 0.25 0.06490384615384616
0 0.3233173076923077 0.8329326923076923 0.24519230769230768 0.07692307692307693
0 0.31971153846153844 0.6610576923076923 0.23557692307692307 0.0673076923076923
0 0.328125 0.9194711538461539 0.24519230769230768 0.0673076923076923
0 0.3161057692307692 0.3293269230769231 0.22355769230769232 0.0673076923076923
0 0.33413461538461536 0.7475961538461539 0.21634615384615385 0.0673076923076923
0 0.6514423076923077 0.40865384615384615 0.22115384615384615 0.06971153846153846
0 0.6538461538461539 0.23918269230769232 0.23557692307692307 0.07451923076923077
0 0.6730769230769231 0.7403846153846154 0.22115384615384615 0.0673076923076923
0 0.6646634615384616 0.484375 0.25 0.07692307692307693
0 0.6634615384615384 0.32572115384615385 0.24519230769230768 0.07692307692307693
0 0.6959134615384616 0.9771634615384616 0.2283653846153846 0.036057692307692304
0 0.6899038461538461 0.8245192307692307 0.25721153846153844 0.07451923076923077
0 0.6634615384615384 0.06490384615384616 0.2403846153846154 0.07211538461538461
0 0.6983173076923077 0.9098557692307693 0.24519230769230768 0.06971153846153846
0 0.6911057692307693 0.6550480769230769 0.2620192307692308 0.0625
0 0.6911057692307693 0.5685096153846154 0.25 0.06490384615384616
0 0.6766826923076923 0.15504807692307693 0.24519230769230768 0.07211538461538461
0 0.9086538461538461 0.4699519230769231 0.1778846153846154 0.07211538461538461
0 0.9122596153846154 0.5588942307692307 0.17067307692307693 0.06009615384615385
0 0.9206730769230769 0.8112980769230769 0.15384615384615385 0.06971153846153846
0 0.9254807692307693 0.9651442307692307 0.14423076923076922 0.04567307692307692
0 0.9278846153846154 0.8978365384615384 0.13942307692307693 0.06490384615384616
0 0.9086538461538461 0.04567307692307692 0.14903846153846154 0.07211538461538461
0 0.9278846153846154 0.6418269230769231 0.13942307692307693 0.0673076923076923
0 0.9338942307692307 0.7247596153846154 0.12740384615384615 0.055288461538461536
0 0.9278846153846154 0.38341346153846156 0.1346153846153846 0.06490384615384616
0 0.9338942307692307 0.29927884615384615 0.11538461538461539 0.07211538461538461
0 0.9326923076923077 0.21995192307692307 0.11298076923076923 0.0625
0 0.9290865384615384 0.12980769230769232 0.11298076923076923 0.06009615384615385