0 0.7764423076923077 0.8137019230769231 0.18028846153846154 0.06971153846153846
0 0.7475961538461539 0.3088942307692308 0.19471153846153846 0.0673076923076923
0 0.7632211538461539 0.6418269230769231 0.1875 0.06971153846153846
0 0.78125 0.9663461538461539 0.1971153846153846 0.038461538461538464
0 0.7524038461538461 0.4723557692307692 0.20673076923076922 0.07211538461538461
0 0.42908653846153844 0.41947115384615385 0.21153846153846154 0.07451923076923077
0 0.4362980769230769 0.7524038461538461 0.2283653846153846 0.07211538461538461
0 0.41466346153846156 0.3389423076923077 0.24278846153846154 0.06971153846153846
0 0.3954326923076923 0.07932692307692307 0.2403846153846154 0.07451923076923077
0 0.44350961538461536 0.9819711538461539 0.21875 0.03125
0 0.4326923076923077 0.8389423076923077 0.24519230769230768 0.07211538461538461
0 0.41346153846153844 0.49759615384615385 0.25721153846153844 0.07692307692307693
0 0.39903846153846156 0.24879807692307693 0.20673076923076922 0.07451923076923077
0 0.4170673076923077 0.6694711538461539 0.25240384615384615 0.0673076923076923
0 0.42908653846153844 0.9254807692307693 0.24519230769230768 0.06490384615384616
0 0.4098557692307692 0.5865384615384616 0.25961538461538464 0.07692307692307693
0 0.3762019230769231 0.16346153846153846 0.21394230769230768 0.07211538461538461
0 0.14302884615384615 0.5961538461538461 0.25961538461538464 0.07692307692307693
0 0.12740384615384615 0.08533653846153846 0.2548076923076923 0.07451923076923077
0 0.13701923076923078 0.5060096153846154 0.27163461538461536 0.07451923076923077
0 0.15384615384615385 0.8461538461538461 0.2692307692307692 0.07451923076923077
0 0.15504807692307693 0.984375 0.2620192307692308 0.026442307692307692
0 0.13221153846153846 0.6766826923076923 0.24519230769230768 0.07692307692307693
0 0.13221153846153846 0.7644230769230769 0.23557692307692307 0.06971153846153846
0 0.140625 0.9290865384615384 0.23557692307692307 0.07692307692307693
0 0.11177884615384616 0.4230769230769231 0.22355769230769232 0.08173076923076923
0 0.10216346153846154 0.171875 0.20432692307692307 0.07932692307692307
0 0.10216346153846154 0.25841346153846156 0.20432692307692307 0.07932692307692307
0 0.0985576923076923 0.33774038461538464 0.1971153846153846 0.07451923076923077
0 0.7451923076923077 0.04927884615384615 0.16346153846153846 0.07451923076923077
0 0.7487980769230769 0.13822115384615385 0.18028846153846154 0.07211538461538461
0 0.7487980769230769 0.22235576923076922 0.20192307692307693 0.07211538461538461
0 0.7740384615384616 0.7283653846153846 0.18509615384615385 0.0673076923076923
0 0.765625 0.5612980769230769 0.20432692307692307 0.07211538461538461
0 0.7572115384615384 0.39783653846153844 0.19471153846153846 0.0625
0 0.7836538461538461 0.8990384615384616 0.18509615384615385 0.07211538461538461
0 0.734375 0.008413461538461538 0.16105769230769232 0.016826923076923076