0 0.6622596153846154 0.7536057692307693 0.06971153846153846 0.18509615384615385
0 0.06971153846153846 0.7740384615384616 0.05048076923076923 0.1778846153846154
0 0.9855769230769231 0.7403846153846154 0.02403846153846154 0.19230769230769232
0 0.49759615384615385 0.7560096153846154 0.0673076923076923 0.1971153846153846
0 0.9182692307692307 0.7415865384615384 0.07211538461538461 0.19230769230769232
0 0.3269230769230769 0.7608173076923077 0.0673076923076923 0.19951923076923078
0 0.8341346153846154 0.7427884615384616 0.0673076923076923 0.19951923076923078
0 0.16105769230769232 0.7668269230769231 0.06009615384615385 0.18509615384615385
0 0.41346153846153844 0.7548076923076923 0.052884615384615384 0.20673076923076922
0 0.4098557692307692 0.5168269230769231 0.06971153846153846 0.2644230769230769
0 0.984375 0.49399038461538464 0.026442307692307692 0.23317307692307693
0 0.15264423076923078 0.5216346153846154 0.07451923076923077 0.29086538461538464
0 0.4963942307692308 0.5084134615384616 0.06490384615384616 0.28846153846153844
0 0.9182692307692307 0.49399038461538464 0.06971153846153846 0.2403846153846154
0 0.24278846153846154 0.5012019230769231 0.0673076923076923 0.25721153846153844
0 0.3293269230769231 0.49759615384615385 0.07211538461538461 0.25
0 0.07091346153846154 0.4963942307692308 0.06971153846153846 0.2548076923076923
0 0.7451923076923077 0.47115384615384615 0.0673076923076923 0.2403846153846154
0 0.5817307692307693 0.47596153846153844 0.0625 0.23317307692307693
0 0.8353365384615384 0.46274038461538464 0.06971153846153846 0.22596153846153846
0 0.6634615384615384 0.4639423076923077 0.0673076923076923 0.22115384615384615
0 0.48197115384615385 0.13581730769230768 0.06971153846153846 0.23076923076923078
0 0.5673076923076923 0.125 0.06971153846153846 0.24759615384615385
0 0.6538461538461539 0.11899038461538461 0.0673076923076923 0.23798076923076922
0 0.8209134615384616 0.11658653846153846 0.08413461538461539 0.23317307692307693
0 0.3125 0.12860576923076922 0.0673076923076923 0.24278846153846154
0 0.39783653846153844 0.12620192307692307 0.07451923076923077 0.24278846153846154
0 0.9170673076923077 0.11538461538461539 0.06971153846153846 0.23076923076923078
0 0.9723557692307693 0.11538461538461539 0.036057692307692304 0.23076923076923078
0 0.22115384615384615 0.13221153846153846 0.07211538461538461 0.23798076923076922
0 0.05048076923076923 0.13581730769230768 0.0673076923076923 0.23798076923076922
0 0.13701923076923078 0.13221153846153846 0.07211538461538461 0.23317307692307693
0 0.7391826923076923 0.11177884615384616 0.07932692307692307 0.22355769230769232
0 0.5817307692307693 0.7728365384615384 0.0673076923076923 0.15865384615384615
0 0.24278846153846154 0.7788461538461539 0.0625 0.17067307692307693
0 0.75 0.7584134615384616 0.052884615384615384 0.1658653846153846