0 0.1502403846153846 0.8473557692307693 0.057692307692307696 0.06009615384615385
0 0.40384615384615385 0.8125 0.052884615384615384 0.08413461538461539
0 0.5721153846153846 0.6622596153846154 0.08173076923076923 0.34134615384615385
0 0.48677884615384615 0.6490384615384616 0.07692307692307693 0.2932692307692308
0 0.04927884615384615 0.6646634615384616 0.07932692307692307 0.24519230769230768
0 0.40024038461538464 0.6298076923076923 0.07451923076923077 0.24278846153846154
0 0.23076923076923078 0.6394230769230769 0.08653846153846154 0.27403846153846156
0 0.7355769230769231 0.6045673076923077 0.07211538461538461 0.24759615384615385
0 0.8233173076923077 0.5817307692307693 0.07692307692307693 0.22355769230769232
0 0.1346153846153846 0.6298076923076923 0.06971153846153846 0.22115384615384615
0 0.6502403846153846 0.59375 0.06971153846153846 0.21153846153846154
0 0.19951923076923078 0.27403846153846156 0.07211538461538461 0.22596153846153846
0 0.03245192307692308 0.27283653846153844 0.06490384615384616 0.24278846153846154
0 0.11057692307692307 0.2668269230769231 0.09375 0.25
0 0.28365384615384615 0.23918269230769232 0.07692307692307693 0.27884615384615385
0 0.375 0.23197115384615385 0.07932692307692307 0.3004807692307692