0 0.13221153846153846 0.33052884615384615 0.06971153846153846 0.21634615384615385
0 0.052884615384615384 0.3269230769230769 0.07451923076923077 0.22596153846153846
0 0.2247596153846154 0.3425480769230769 0.07932692307692307 0.23798076923076922
0 0.7307692307692307 0.3798076923076923 0.06971153846153846 0.22596153846153846
0 0.8125 0.38822115384615385 0.06971153846153846 0.21634615384615385
0 0.3894230769230769 0.36177884615384615 0.07451923076923077 0.23317307692307693
0 0.5600961538461539 0.38100961538461536 0.08173076923076923 0.2548076923076923
0 0.47716346153846156 0.375 0.08413461538461539 0.24519230769230768
0 0.30528846153846156 0.36658653846153844 0.08413461538461539 0.27163461538461536
0 0.8978365384615384 0.41225961538461536 0.07692307692307693 0.2403846153846154
0 0.9699519230769231 0.4206730769230769 0.055288461538461536 0.23076923076923078
0 0.6478365384615384 0.39783653846153844 0.07932692307692307 0.27403846153846156
0 0.7980769230769231 0.6706730769230769 0.07932692307692307 0.29086538461538464
0 0.8858173076923077 0.6899038461538461 0.08413461538461539 0.2668269230769231
0 0.28725961538461536 0.6526442307692307 0.07451923076923077 0.25
0 0.9591346153846154 0.7019230769230769 0.06971153846153846 0.28365384615384615
0 0.03125 0.6394230769230769 0.0625 0.25
0 0.7091346153846154 0.6875 0.06971153846153846 0.24759615384615385
0 0.11658653846153846 0.6466346153846154 0.08413461538461539 0.25961538461538464
0 0.1971153846153846 0.6550480769230769 0.07451923076923077 0.24278846153846154
0 0.3762019230769231 0.6682692307692307 0.07692307692307693 0.23317307692307693
0 0.6274038461538461 0.6887019230769231 0.0673076923076923 0.23557692307692307
0 0.453125 0.6838942307692307 0.0673076923076923 0.22596153846153846
0 0.5420673076923077 0.6923076923076923 0.07211538461538461 0.22115384615384615
0 0.5985576923076923 0.9603365384615384 0.0673076923076923 0.07451923076923077
0 0.5120192307692307 0.9579326923076923 0.07211538461538461 0.07932692307692307
0 0.4254807692307692 0.9543269230769231 0.07211538461538461 0.08413461538461539
0 0.33774038461538464 0.9483173076923077 0.06009615384615385 0.08173076923076923
0 0.07692307692307693 0.9302884615384616 0.0673076923076923 0.08173076923076923
0 0.24879807692307693 0.9435096153846154 0.06009615384615385 0.07932692307692307
0 0.6826923076923077 0.9675480769230769 0.0625 0.06009615384615385
0 0.7632211538461539 0.9699519230769231 0.06971153846153846 0.055288461538461536
0 0.1622596153846154 0.9399038461538461 0.06971153846153846 0.07451923076923077
0 0.8545673076923077 0.9759615384615384 0.06971153846153846 0.04326923076923077