0 0.0625 0.7055288461538461 0.10817307692307693 0.06971153846153846
0 0.05889423076923077 0.6153846153846154 0.10817307692307693 0.07451923076923077
0 0.65625 0.0889423076923077 0.24759615384615385 0.07451923076923077
0 0.6646634615384616 0.34134615384615385 0.22355769230769232 0.0673076923076923
0 0.6502403846153846 0.018028846153846152 0.25721153846153844 0.036057692307692304
0 0.6538461538461539 0.16466346153846154 0.24278846153846154 0.06009615384615385
0 0.6706730769230769 0.7752403846153846 0.24278846153846154 0.06490384615384616
0 0.6742788461538461 0.9435096153846154 0.25240384615384615 0.07451923076923077
0 0.6706730769230769 0.859375 0.24519230769230768 0.07211538461538461
0 0.6670673076923077 0.8161057692307693 0.2548076923076923 0.15625
0 0.6514423076923077 0.43028846153846156 0.25721153846153844 0.0625
0 0.6430288461538461 0.25841346153846156 0.2620192307692308 0.07451923076923077
0 0.5288461538461539 0.4362980769230769 0.5072115384615384 0.07451923076923077
0 0.3918269230769231 0.6935096153846154 0.19471153846153846 0.06009615384615385
0 0.38822115384615385 0.5216346153846154 0.2956730769230769 0.06490384615384616
0 0.3786057692307692 0.7776442307692307 0.2692307692307692 0.07451923076923077
0 0.34975961538461536 0.26802884615384615 0.24759615384615385 0.06490384615384616
0 0.359375 0.8689903846153846 0.2283653846153846 0.0625
0 0.34134615384615385 0.35216346153846156 0.22355769230769232 0.06490384615384616