0 0.6995192307692307 0.6634615384615384 0.057692307692307696 0.18990384615384615
0 0.028846153846153848 0.6862980769230769 0.055288461538461536 0.2980769230769231
0 0.0985576923076923 0.6778846153846154 0.07451923076923077 0.29086538461538464
0 0.19110576923076922 0.6730769230769231 0.0673076923076923 0.28365384615384615
0 0.9567307692307693 0.640625 0.0625 0.25721153846153844
0 0.6117788461538461 0.6502403846153846 0.0625 0.22355769230769232
0 0.7920673076923077 0.6418269230769231 0.0625 0.23317307692307693
0 0.8689903846153846 0.6382211538461539 0.07451923076923077 0.25721153846153844
0 0.27283653846153844 0.6550480769230769 0.06490384615384616 0.25240384615384615
0 0.3581730769230769 0.6454326923076923 0.06490384615384616 0.22596153846153846
0 0.5276442307692307 0.6346153846153846 0.0625 0.21634615384615385
0 0.4423076923076923 0.6298076923076923 0.06490384615384616 0.23317307692307693
0 0.6983173076923077 0.2848557692307692 0.0625 0.22596153846153846
0 0.09975961538461539 0.30408653846153844 0.07211538461538461 0.22596153846153846
0 0.6141826923076923 0.28365384615384615 0.057692307692307696 0.22596153846153846
0 0.025240384615384616 0.30288461538461536 0.05048076923076923 0.22596153846153846
0 0.2704326923076923 0.28966346153846156 0.06009615384615385 0.25240384615384615
0 0.18629807692307693 0.2920673076923077 0.0673076923076923 0.23798076923076922
0 0.9579326923076923 0.265625 0.0673076923076923 0.2644230769230769
0 0.8689903846153846 0.2668269230769231 0.07451923076923077 0.2403846153846154
0 0.3545673076923077 0.2824519230769231 0.06971153846153846 0.2644230769230769
0 0.4423076923076923 0.27884615384615385 0.0673076923076923 0.25721153846153844
0 0.78125 0.2668269230769231 0.07932692307692307 0.24759615384615385
0 0.5240384615384616 0.27283653846153844 0.07451923076923077 0.25240384615384615
0 0.515625 0.0673076923076923 0.0673076923076923 0.1346153846153846
0 0.9375 0.056490384615384616 0.0673076923076923 0.11298076923076923
0 0.7752403846153846 0.054086538461538464 0.06490384615384616 0.10817307692307693
0 0.021634615384615384 0.07572115384615384 0.04326923076923077 0.11778846153846154
0 0.43149038461538464 0.0625 0.0673076923076923 0.11778846153846154
0 0.6045673076923077 0.05889423076923077 0.07932692307692307 0.11778846153846154
0 0.8545673076923077 0.052884615384615384 0.06971153846153846 0.10576923076923077
0 0.17908653846153846 0.0625 0.055288461538461536 0.10096153846153846
0 0.3485576923076923 0.055288461538461536 0.0625 0.0985576923076923
0 0.09254807692307693 0.0625 0.06009615384615385 0.09375
0 0.6838942307692307 0.038461538461538464 0.06490384615384616 0.07692307692307693
0 0.2608173076923077 0.04807692307692308 0.06490384615384616 0.07692307692307693
0 0.36538461538461536 0.8305288461538461 0.06009615384615385 0.057692307692307696