0 0.9086538461538461 0.6923076923076923 0.06971153846153846 0.21394230769230768
0 0.3918269230769231 0.7091346153846154 0.06009615384615385 0.22115384615384615
0 0.9771634615384616 0.6862980769230769 0.040865384615384616 0.22355769230769232
0 0.3112980769230769 0.7079326923076923 0.0625 0.22596153846153846
0 0.8209134615384616 0.6899038461538461 0.0625 0.23557692307692307
0 0.22596153846153846 0.7067307692307693 0.06971153846153846 0.2283653846153846
0 0.7355769230769231 0.6875 0.06009615384615385 0.2403846153846154
0 0.13942307692307693 0.7079326923076923 0.07211538461538461 0.2668269230769231
0 0.04567307692307692 0.7103365384615384 0.0673076923076923 0.25721153846153844
0 0.6526442307692307 0.6875 0.06490384615384616 0.25721153846153844
0 0.4831730769230769 0.6935096153846154 0.0673076923076923 0.24759615384615385
0 0.5625 0.6838942307692307 0.0625 0.23076923076923078
0 0.046875 0.43509615384615385 0.07451923076923077 0.24519230769230768
0 0.4795673076923077 0.4182692307692308 0.07451923076923077 0.28365384615384615
0 0.22115384615384615 0.4182692307692308 0.06971153846153846 0.27163461538461536
0 0.13221153846153846 0.421875 0.0673076923076923 0.25721153846153844
0 0.39302884615384615 0.4110576923076923 0.0673076923076923 0.2548076923076923
0 0.5588942307692307 0.4026442307692308 0.0673076923076923 0.25961538461538464
0 0.9747596153846154 0.38461538461538464 0.04807692307692308 0.2692307692307692
0 0.8076923076923077 0.38822115384615385 0.06971153846153846 0.24759615384615385
0 0.6442307692307693 0.39302884615384615 0.057692307692307696 0.23557692307692307
0 0.8990384615384616 0.3786057692307692 0.0625 0.2403846153846154
0 0.7259615384615384 0.375 0.06009615384615385 0.21634615384615385
0 0.3076923076923077 0.390625 0.0673076923076923 0.22115384615384615
0 0.6370192307692307 0.0829326923076923 0.07692307692307693 0.1658653846153846
0 0.3894230769230769 0.08774038461538461 0.07211538461538461 0.1658653846153846
0 0.30288461538461536 0.09134615384615384 0.0673076923076923 0.1658653846153846
0 0.47115384615384615 0.0829326923076923 0.07692307692307693 0.16105769230769232
0 0.21875 0.09134615384615384 0.07211538461538461 0.16105769230769232
0 0.13581730769230768 0.09375 0.07932692307692307 0.16105769230769232
0 0.8076923076923077 0.07572115384615384 0.0673076923076923 0.15144230769230768
0 0.046875 0.09615384615384616 0.08413461538461539 0.15865384615384615
0 0.7223557692307693 0.0733173076923077 0.06971153846153846 0.1466346153846154
0 0.5540865384615384 0.07572115384615384 0.06971153846153846 0.15144230769230768
0 0.890625 0.06610576923076923 0.06490384615384616 0.13221153846153846
0 0.9603365384615384 0.06490384615384616 0.05048076923076923 0.12980769230769232