0 0.18028846153846154 0.6887019230769231 0.06009615384615385 0.28125
0 0.021634615384615384 0.6862980769230769 0.04326923076923077 0.3004807692307692
0 0.09014423076923077 0.6742788461538461 0.06490384615384616 0.2860576923076923
0 0.9555288461538461 0.671875 0.055288461538461536 0.24278846153846154
0 0.6057692307692307 0.6694711538461539 0.057692307692307696 0.24278846153846154
0 0.8617788461538461 0.6658653846153846 0.06490384615384616 0.25
0 0.26802884615384615 0.6646634615384616 0.06009615384615385 0.25721153846153844
0 0.6947115384615384 0.6646634615384616 0.057692307692307696 0.23798076923076922
0 0.7848557692307693 0.6646634615384616 0.055288461538461536 0.23798076923076922
0 0.35336538461538464 0.6598557692307693 0.057692307692307696 0.21875
0 0.4387019230769231 0.6478365384615384 0.055288461538461536 0.21875
0 0.5204326923076923 0.6454326923076923 0.055288461538461536 0.21875
0 0.02403846153846154 0.30649038461538464 0.04807692307692308 0.22355769230769232
0 0.10697115384615384 0.30649038461538464 0.06490384615384616 0.22355769230769232
0 0.7043269230769231 0.30528846153846156 0.052884615384615384 0.22596153846153846
0 0.2764423076923077 0.3004807692307692 0.052884615384615384 0.23076923076923078
0 0.6177884615384616 0.29927884615384615 0.052884615384615384 0.23798076923076922
0 0.7884615384615384 0.2980769230769231 0.0673076923076923 0.24519230769230768
0 0.8762019230769231 0.29447115384615385 0.06971153846153846 0.23798076923076922
0 0.9651442307692307 0.2932692307692308 0.06009615384615385 0.2548076923076923
0 0.53125 0.2920673076923077 0.0673076923076923 0.25240384615384615
0 0.19471153846153846 0.2920673076923077 0.057692307692307696 0.23798076923076922
0 0.3629807692307692 0.28966346153846156 0.057692307692307696 0.2620192307692308
0 0.4495192307692308 0.28846153846153844 0.057692307692307696 0.2548076923076923
0 0.5300480769230769 0.07451923076923077 0.06009615384615385 0.14423076923076922
0 0.9555288461538461 0.07091346153846154 0.055288461538461536 0.13701923076923078
0 0.026442307692307692 0.0673076923076923 0.052884615384615384 0.12980769230769232
0 0.44471153846153844 0.0673076923076923 0.0625 0.12980769230769232
0 0.6189903846153846 0.06610576923076923 0.06490384615384616 0.12740384615384615
0 0.7896634615384616 0.06490384615384616 0.06009615384615385 0.125
0 0.8701923076923077 0.06490384615384616 0.0625 0.125
0 0.3605769230769231 0.05889423076923077 0.0673076923076923 0.11298076923076923
0 0.19471153846153846 0.05889423076923077 0.057692307692307696 0.11298076923076923
0 0.10576923076923077 0.056490384615384616 0.057692307692307696 0.10817307692307693
0 0.2776442307692308 0.04807692307692308 0.06009615384615385 0.09134615384615384
0 0.7019230769230769 0.04567307692307692 0.052884615384615384 0.08653846153846154