0 0.3641826923076923 0.75 0.055288461538461536 0.18509615384615385
0 0.1875 0.7560096153846154 0.0625 0.21394230769230768
0 0.875 0.7283653846153846 0.07211538461538461 0.23557692307692307
0 0.026442307692307692 0.7536057692307693 0.038461538461538464 0.21394230769230768
0 0.7920673076923077 0.7295673076923077 0.06490384615384616 0.23076923076923078
0 0.9627403846153846 0.7223557692307693 0.06490384615384616 0.23798076923076922
0 0.44591346153846156 0.7367788461538461 0.06490384615384616 0.22596153846153846
0 0.27163461538461536 0.7355769230769231 0.0625 0.2403846153846154
0 0.5192307692307693 0.47115384615384615 0.06490384615384616 0.2932692307692308
0 0.6899038461538461 0.45913461538461536 0.0625 0.24278846153846154
0 0.025240384615384616 0.4723557692307692 0.05048076923076923 0.2668269230769231
0 0.6045673076923077 0.4519230769230769 0.06009615384615385 0.2403846153846154
0 0.26802884615384615 0.4579326923076923 0.0673076923076923 0.25240384615384615
0 0.7740384615384616 0.4387019230769231 0.07211538461538461 0.27884615384615385
0 0.8653846153846154 0.42427884615384615 0.06490384615384616 0.23798076923076922
0 0.34975961538461536 0.43990384615384615 0.0673076923076923 0.21875
0 0.1814903846153846 0.43990384615384615 0.0673076923076923 0.22596153846153846
0 0.6802884615384616 0.09495192307692307 0.06971153846153846 0.18990384615384615
0 0.5865384615384616 0.09495192307692307 0.06971153846153846 0.18990384615384615
0 0.7668269230769231 0.09134615384615384 0.0673076923076923 0.18269230769230768
0 0.9399038461538461 0.0889423076923077 0.07211538461538461 0.1778846153846154