0 0.43990384615384615 0.4723557692307692 0.2932692307692308 0.07451923076923077
0 0.43990384615384615 0.5540865384615384 0.29086538461538464 0.08173076923076923
0 0.4230769230769231 0.9651442307692307 0.24519230769230768 0.0673076923076923
0 0.49399038461538464 0.04326923076923077 0.24278846153846154 0.07211538461538461
0 0.4375 0.8978365384615384 0.2644230769230769 0.07692307692307693
0 0.49038461538461536 0.12980769230769232 0.25961538461538464 0.07211538461538461
0 0.484375 0.22235576923076922 0.28125 0.08173076923076923
0 0.4735576923076923 0.390625 0.23317307692307693 0.07211538461538461
0 0.48197115384615385 0.3016826923076923 0.25240384615384615 0.07932692307692307
0 0.4543269230769231 0.7271634615384616 0.2548076923076923 0.07692307692307693
0 0.4723557692307692 0.6418269230769231 0.21634615384615385 0.06971153846153846
0 0.46274038461538464 0.8161057692307693 0.2283653846153846 0.07451923076923077
0 0.859375 0.24278846153846154 0.22596153846153846 0.07211538461538461
0 0.8774038461538461 0.06850961538461539 0.2403846153846154 0.07932692307692307
0 0.8725961538461539 0.15144230769230768 0.25 0.08173076923076923
0 0.8629807692307693 0.33052884615384615 0.2692307692307692 0.08413461538461539
0 0.8569711538461539 0.4230769230769231 0.28125 0.08653846153846154
0 0.20432692307692307 0.453125 0.11538461538461539 0.06490384615384616
0 0.19591346153846154 0.6262019230769231 0.1201923076923077 0.05048076923076923
0 0.18870192307692307 0.7932692307692307 0.12740384615384615 0.0673076923076923
0 0.22596153846153846 0.2824519230769231 0.13221153846153846 0.06490384615384616
0 0.18629807692307693 0.8822115384615384 0.13221153846153846 0.06490384615384616
0 0.23677884615384615 0.19471153846153846 0.14182692307692307 0.055288461538461536
0 0.18509615384615385 0.9543269230769231 0.13942307692307693 0.055288461538461536
0 0.21514423076923078 0.5384615384615384 0.14903846153846154 0.07211538461538461
0 0.24879807692307693 0.11177884615384616 0.15625 0.0673076923076923
0 0.25600961538461536 0.03125 0.15625 0.0625
0 0.2127403846153846 0.7115384615384616 0.16826923076923078 0.07932692307692307
0 0.2439903846153846 0.36778846153846156 0.17548076923076922 0.0625