0 0.7620192307692307 0.8701923076923077 0.19471153846153846 0.06009615384615385
0 0.7620192307692307 0.9519230769230769 0.19471153846153846 0.06009615384615385
0 0.7536057692307693 0.7824519230769231 0.2091346153846154 0.06490384615384616
0 0.7403846153846154 0.18870192307692307 0.20673076923076922 0.052884615384615384
0 0.7403846153846154 0.27163461538461536 0.21875 0.057692307692307696
0 0.7463942307692307 0.6141826923076923 0.21394230769230768 0.055288461538461536
0 0.734375 0.4423076923076923 0.23076923076923078 0.06009615384615385
0 0.7355769230769231 0.5252403846153846 0.23557692307692307 0.0625
0 0.7247596153846154 0.027644230769230768 0.22355769230769232 0.055288461538461536
0 0.7247596153846154 0.10216346153846154 0.23798076923076922 0.0625
0 0.7331730769230769 0.6947115384615384 0.24759615384615385 0.06971153846153846
0 0.7247596153846154 0.3557692307692308 0.24278846153846154 0.06009615384615385
0 0.46153846153846156 0.19230769230769232 0.2980769230769231 0.06490384615384616
0 0.4735576923076923 0.953125 0.27163461538461536 0.06971153846153846
0 0.4543269230769231 0.10216346153846154 0.2692307692307692 0.0673076923076923
0 0.44591346153846156 0.025240384615384616 0.2860576923076923 0.05048076923076923
0 0.4543269230769231 0.7908653846153846 0.22596153846153846 0.055288461538461536
0 0.45072115384615385 0.6177884615384616 0.21875 0.06009615384615385
0 0.4543269230769231 0.8701923076923077 0.25721153846153844 0.07451923076923077
0 0.4423076923076923 0.2764423076923077 0.25240384615384615 0.06009615384615385
0 0.44591346153846156 0.6995192307692307 0.25 0.06490384615384616
0 0.43509615384615385 0.359375 0.23557692307692307 0.0625
0 0.4338942307692308 0.53125 0.21875 0.055288461538461536
0 0.43149038461538464 0.4411057692307692 0.22115384615384615 0.0673076923076923
0 0.09975961538461539 0.375 0.19951923076923078 0.06490384615384616
0 0.1045673076923077 0.6322115384615384 0.19951923076923078 0.06490384615384616
0 0.0985576923076923 0.29086538461538464 0.1971153846153846 0.0625
0 0.10216346153846154 0.5492788461538461 0.1971153846153846 0.07211538461538461
0 0.1045673076923077 0.7235576923076923 0.1971153846153846 0.06971153846153846
0 0.1045673076923077 0.8064903846153846 0.19471153846153846 0.0625
0 0.10817307692307693 0.8954326923076923 0.1971153846153846 0.0625
0 0.109375 0.9663461538461539 0.19951923076923078 0.0625
0 0.0985576923076923 0.21033653846153846 0.1971153846153846 0.06971153846153846
0 0.09254807692307693 0.038461538461538464 0.18509615384615385 0.0673076923076923
0 0.09615384615384616 0.45913461538461536 0.18990384615384615 0.06971153846153846
0 0.09375 0.1201923076923077 0.1875 0.07211538461538461