0 0.6766826923076923 0.41947115384615385 0.21634615384615385 0.06971153846153846
0 0.6622596153846154 0.2536057692307692 0.23317307692307693 0.06971153846153846
0 0.671875 0.75 0.2283653846153846 0.0625
0 0.6574519230769231 0.3329326923076923 0.25240384615384615 0.07211538461538461
0 0.6466346153846154 0.015625 0.25961538461538464 0.03125
0 0.6754807692307693 0.8389423076923077 0.23798076923076922 0.0625
0 0.6442307692307693 0.07572115384615384 0.24759615384615385 0.06971153846153846
0 0.6694711538461539 0.9230769230769231 0.22596153846153846 0.0625
0 0.6598557692307693 0.6622596153846154 0.25240384615384615 0.08173076923076923
0 0.6538461538461539 0.4987980769230769 0.25240384615384615 0.06971153846153846
0 0.640625 0.15865384615384615 0.25961538461538464 0.07211538461538461
0 0.6478365384615384 0.5853365384615384 0.2620192307692308 0.06490384615384616
0 0.5204326923076923 0.5865384615384616 0.5120192307692307 0.08173076923076923
0 0.49038461538461536 0.5012019230769231 0.4831730769230769 0.07692307692307693
0 0.3605769230769231 0.078125 0.23798076923076922 0.07211538461538461
0 0.38461538461538464 0.8449519230769231 0.2668269230769231 0.06490384615384616
0 0.3713942307692308 0.7536057692307693 0.25721153846153844 0.06971153846153846
0 0.36899038461538464 0.6682692307692307 0.24759615384615385 0.07692307692307693
0 0.37259615384615385 0.9302884615384616 0.24759615384615385 0.0625
0 0.34375 0.15625 0.2283653846153846 0.055288461538461536
0 0.3425480769230769 0.25 0.22355769230769232 0.06490384615384616
0 0.3449519230769231 0.41466346153846156 0.23317307692307693 0.0625
0 0.3425480769230769 0.33413461538461536 0.2283653846153846 0.06490384615384616
0 0.06971153846153846 0.6862980769230769 0.1201923076923077 0.0625
0 0.0625 0.4266826923076923 0.125 0.06971153846153846
0 0.06129807692307692 0.5144230769230769 0.1201923076923077 0.07451923076923077
0 0.054086538461538464 0.171875 0.10817307692307693 0.07451923076923077
0 0.056490384615384616 0.3425480769230769 0.11298076923076923 0.06971153846153846
0 0.055288461538461536 0.25721153846153844 0.11057692307692307 0.08173076923076923
0 0.052884615384615384 0.0829326923076923 0.10576923076923077 0.06971153846153846
0 0.06850961538461539 0.7764423076923077 0.11538461538461539 0.06971153846153846
0 0.0625 0.5961538461538461 0.11538461538461539 0.08413461538461539
0 0.0733173076923077 0.9447115384615384 0.11298076923076923 0.06490384615384616
0 0.0673076923076923 0.8557692307692307 0.10817307692307693 0.07451923076923077