0 0.7992788461538461 0.2692307692307692 0.06490384615384616 0.21153846153846154
0 0.109375 0.22716346153846154 0.08173076923076923 0.22596153846153846
0 0.625 0.2644230769230769 0.0673076923076923 0.20673076923076922
0 0.7103365384615384 0.2704326923076923 0.07451923076923077 0.21875
0 0.8834134615384616 0.2824519230769231 0.07211538461538461 0.22596153846153846
0 0.2848557692307692 0.24278846153846154 0.06971153846153846 0.22115384615384615
0 0.3641826923076923 0.24879807692307693 0.06490384615384616 0.21153846153846154
0 0.5384615384615384 0.2608173076923077 0.0673076923076923 0.21634615384615385
0 0.9663461538461539 0.2920673076923077 0.0625 0.20432692307692307
0 0.453125 0.25600961538461536 0.07451923076923077 0.22596153846153846
0 0.038461538461538464 0.2283653846153846 0.055288461538461536 0.22596153846153846
0 0.20192307692307693 0.2403846153846154 0.06971153846153846 0.2283653846153846
0 0.0985576923076923 0.5757211538461539 0.07932692307692307 0.22596153846153846
0 0.6129807692307693 0.6165865384615384 0.0673076923076923 0.2283653846153846
0 0.6983173076923077 0.6237980769230769 0.0625 0.22115384615384615
0 0.027644230769230768 0.5769230769230769 0.055288461538461536 0.22115384615384615
0 0.18509615384615385 0.5889423076923077 0.07451923076923077 0.23798076923076922
0 0.7776442307692307 0.6322115384615384 0.0889423076923077 0.24519230769230768
0 0.2692307692307692 0.5985576923076923 0.06971153846153846 0.2403846153846154
0 0.5204326923076923 0.6165865384615384 0.08413461538461539 0.25
0 0.35216346153846156 0.6069711538461539 0.07692307692307693 0.25961538461538464
0 0.43990384615384615 0.6165865384615384 0.07692307692307693 0.24759615384615385
0 0.8689903846153846 0.6478365384615384 0.08173076923076923 0.25240384615384615
0 0.9567307692307693 0.6574519230769231 0.07451923076923077 0.2620192307692308
0 0.5865384615384616 0.8834134615384616 0.07211538461538461 0.20673076923076922
0 0.5048076923076923 0.8762019230769231 0.07211538461538461 0.24278846153846154
0 0.7596153846153846 0.8918269230769231 0.0673076923076923 0.21153846153846154
0 0.9266826923076923 0.9002403846153846 0.08413461538461539 0.19471153846153846
0 0.41947115384615385 0.8834134615384616 0.06971153846153846 0.22115384615384615
0 0.8413461538461539 0.9002403846153846 0.08173076923076923 0.19471153846153846
0 0.019230769230769232 0.8581730769230769 0.038461538461538464 0.21634615384615385
0 0.1622596153846154 0.8713942307692307 0.06971153846153846 0.2091346153846154
0 0.3329326923076923 0.8858173076923077 0.07211538461538461 0.19951923076923078
0 0.07692307692307693 0.8689903846153846 0.07211538461538461 0.20192307692307693
0 0.24639423076923078 0.8858173076923077 0.06971153846153846 0.1875
0 0.6670673076923077 0.9146634615384616 0.06971153846153846 0.1658653846153846