0 0.3629807692307692 0.5132211538461539 0.2956730769230769 0.08413461538461539
0 0.3713942307692308 0.42788461538461536 0.27884615384615385 0.08173076923076923
0 0.42427884615384615 0.03125 0.2668269230769231 0.0625
0 0.34375 0.9471153846153846 0.2620192307692308 0.0889423076923077
0 0.4182692307692308 0.09134615384615384 0.2668269230769231 0.08653846153846154
0 0.36899038461538464 0.6850961538461539 0.25721153846153844 0.07692307692307693
0 0.3786057692307692 0.5949519230769231 0.2403846153846154 0.07692307692307693
0 0.4110576923076923 0.26322115384615385 0.24759615384615385 0.07932692307692307
0 0.36658653846153844 0.7692307692307693 0.2764423076923077 0.0889423076923077
0 0.3701923076923077 0.8617788461538461 0.2283653846153846 0.07451923076923077
0 0.4182692307692308 0.3485576923076923 0.22355769230769232 0.07692307692307693
0 0.4326923076923077 0.17908653846153846 0.2283653846153846 0.07932692307692307
0 0.7331730769230769 0.8040865384615384 0.21875 0.07451923076923077
0 0.7307692307692307 0.9699519230769231 0.2403846153846154 0.055288461538461536
0 0.7379807692307693 0.9002403846153846 0.2548076923076923 0.0889423076923077
0 0.7692307692307693 0.7211538461538461 0.2860576923076923 0.08653846153846154
0 0.7800480769230769 0.6310096153846154 0.2980769230769231 0.08413461538461539
0 0.18629807692307693 0.4182692307692308 0.07692307692307693 0.07692307692307693
0 0.14302884615384615 0.9242788461538461 0.07932692307692307 0.06490384615384616
0 0.15865384615384615 0.7548076923076923 0.07211538461538461 0.052884615384615384
0 0.15264423076923078 0.8425480769230769 0.07451923076923077 0.06009615384615385
0 0.2091346153846154 0.24158653846153846 0.08653846153846154 0.07211538461538461
0 0.18990384615384615 0.5901442307692307 0.10336538461538461 0.057692307692307696