0 0.078125 0.19471153846153846 0.11057692307692307 0.07211538461538461
0 0.057692307692307696 0.4423076923076923 0.11057692307692307 0.08653846153846154
0 0.07091346153846154 0.2800480769230769 0.10576923076923077 0.06971153846153846
0 0.09134615384615384 0.03125 0.10576923076923077 0.0625
0 0.038461538461538464 0.7764423076923077 0.07692307692307693 0.07211538461538461
0 0.6177884615384616 0.9134615384615384 0.21634615384615385 0.08173076923076923
0 0.6598557692307693 0.39783653846153844 0.22355769230769232 0.07211538461538461
0 0.6670673076923077 0.31490384615384615 0.22355769230769232 0.07692307692307693
0 0.6081730769230769 0.9735576923076923 0.22115384615384615 0.04807692307692308
0 0.6141826923076923 0.8233173076923077 0.2403846153846154 0.07211538461538461
0 0.6658653846153846 0.22956730769230768 0.24519230769230768 0.0985576923076923
0 0.6201923076923077 0.7391826923076923 0.24759615384615385 0.07451923076923077
0 0.6237980769230769 0.6550480769230769 0.2548076923076923 0.08413461538461539
0 0.6382211538461539 0.4855769230769231 0.24519230769230768 0.07932692307692307
0 0.6742788461538461 0.051682692307692304 0.2644230769230769 0.0889423076923077
0 0.6298076923076923 0.5673076923076923 0.25 0.08413461538461539
0 0.6490384615384616 0.14423076923076922 0.2932692307692308 0.09615384615384616
0 0.375 0.46033653846153844 0.2620192307692308 0.06971153846153846
0 0.40024038461538464 0.039663461538461536 0.25721153846153844 0.07932692307692307
0 0.36778846153846156 0.38221153846153844 0.25 0.08413461538461539
0 0.35096153846153844 0.546875 0.25 0.07451923076923077
0 0.32572115384615385 0.7956730769230769 0.23798076923076922 0.07692307692307693
0 0.3737980769230769 0.2091346153846154 0.2644230769230769 0.07932692307692307
0 0.3786057692307692 0.1201923076923077 0.2548076923076923 0.07451923076923077
0 0.3245192307692308 0.6310096153846154 0.23557692307692307 0.07451923076923077
0 0.3545673076923077 0.29447115384615385 0.2283653846153846 0.08173076923076923
0 0.2932692307692308 0.9591346153846154 0.2764423076923077 0.0673076923076923
0 0.29927884615384615 0.8870192307692307 0.25 0.08173076923076923
0 0.31009615384615385 0.7163461538461539 0.22115384615384615 0.07451923076923077