0 0.24519230769230768 0.6045673076923077 0.22596153846153846 0.055288461538461536
0 0.2668269230769231 0.08774038461538461 0.20432692307692307 0.06490384615384616
0 0.24879807692307693 0.6935096153846154 0.23076923076923078 0.055288461538461536
0 0.26802884615384615 0.17548076923076922 0.2283653846153846 0.057692307692307696
0 0.26802884615384615 0.25721153846153844 0.22355769230769232 0.057692307692307696
0 0.2536057692307692 0.953125 0.23798076923076922 0.0625
0 0.27524038461538464 0.3449519230769231 0.2403846153846154 0.06490384615384616
0 0.2692307692307692 0.5120192307692307 0.24278846153846154 0.0673076923076923
0 0.25841346153846156 0.8617788461538461 0.23798076923076922 0.06490384615384616
0 0.27524038461538464 0.42908653846153844 0.23557692307692307 0.06490384615384616
0 0.4362980769230769 0.5120192307692307 0.47596153846153844 0.07451923076923077
0 0.5252403846153846 0.9459134615384616 0.25240384615384615 0.06971153846153846
0 0.5384615384615384 0.7776442307692307 0.27163461538461536 0.0673076923076923
0 0.5372596153846154 0.8641826923076923 0.24759615384615385 0.0625
0 0.5661057692307693 0.18870192307692307 0.24759615384615385 0.06490384615384616
0 0.5673076923076923 0.35336538461538464 0.23317307692307693 0.06490384615384616
0 0.578125 0.0985576923076923 0.2403846153846154 0.06490384615384616
0 0.5817307692307693 0.026442307692307692 0.2764423076923077 0.052884615384615384
0 0.5685096153846154 0.6899038461538461 0.21875 0.06490384615384616
0 0.5829326923076923 0.2692307692307692 0.21394230769230768 0.06009615384615385
0 0.8918269230769231 0.3629807692307692 0.21153846153846154 0.08173076923076923
0 0.8894230769230769 0.6959134615384616 0.20432692307692307 0.06971153846153846
0 0.8942307692307693 0.6081730769230769 0.20192307692307693 0.07451923076923077
0 0.8978365384615384 0.5228365384615384 0.20192307692307693 0.07692307692307693
0 0.8882211538461539 0.7788461538461539 0.20192307692307693 0.07211538461538461
0 0.9014423076923077 0.44471153846153844 0.19471153846153846 0.06971153846153846
0 0.8870192307692307 0.8617788461538461 0.19951923076923078 0.07932692307692307
0 0.8858173076923077 0.953125 0.19471153846153846 0.08173076923076923
0 0.9050480769230769 0.1875 0.18509615384615385 0.07211538461538461
0 0.9050480769230769 0.2776442307692308 0.18509615384615385 0.06490384615384616
0 0.9110576923076923 0.10576923076923077 0.17307692307692307 0.0673076923076923
0 0.9122596153846154 0.037259615384615384 0.17067307692307693 0.05048076923076923