0 0.2692307692307692 0.4098557692307692 0.21394230769230768 0.07451923076923077
0 0.28725961538461536 0.24278846153846154 0.22355769230769232 0.07451923076923077
0 0.2860576923076923 0.3269230769230769 0.2403846153846154 0.07692307692307693
0 0.31009615384615385 0.014423076923076924 0.2548076923076923 0.028846153846153848
0 0.2536057692307692 0.8305288461538461 0.24278846153846154 0.08173076923076923
0 0.2608173076923077 0.7512019230769231 0.23317307692307693 0.06971153846153846
0 0.28125 0.49278846153846156 0.24519230769230768 0.07692307692307693
0 0.25240384615384615 0.9146634615384616 0.23317307692307693 0.07692307692307693
0 0.3112980769230769 0.07211538461538461 0.25240384615384615 0.08413461538461539
0 0.2764423076923077 0.6622596153846154 0.24759615384615385 0.07451923076923077
0 0.3125 0.15625 0.2548076923076923 0.08413461538461539
0 0.28846153846153844 0.5805288461538461 0.25961538461538464 0.07211538461538461
0 0.5817307692307693 0.08173076923076923 0.2692307692307692 0.08653846153846154
0 0.5552884615384616 0.5084134615384616 0.27403846153846156 0.08173076923076923
0 0.5540865384615384 0.5925480769230769 0.2644230769230769 0.07932692307692307
0 0.5961538461538461 0.019230769230769232 0.24519230769230768 0.038461538461538464
0 0.5396634615384616 0.8425480769230769 0.29086538461538464 0.08173076923076923
0 0.5649038461538461 0.6694711538461539 0.2548076923076923 0.08173076923076923
0 0.5600961538461539 0.7572115384615384 0.25961538461538464 0.07451923076923077
0 0.5552884615384616 0.9302884615384616 0.25961538461538464 0.07451923076923077
0 0.59375 0.41947115384615385 0.23557692307692307 0.07451923076923077
0 0.6081730769230769 0.3389423076923077 0.23076923076923078 0.08653846153846154
0 0.6129807692307693 0.25600961538461536 0.21153846153846154 0.07451923076923077
0 0.6213942307692307 0.1658653846153846 0.21875 0.07692307692307693
0 0.9074519230769231 0.5288461538461539 0.18269230769230768 0.07451923076923077
0 0.9230769230769231 0.04447115384615385 0.14903846153846154 0.036057692307692304
0 0.9038461538461539 0.6177884615384616 0.1778846153846154 0.07932692307692307
0 0.9242788461538461 0.1045673076923077 0.1466346153846154 0.08413461538461539
0 0.9002403846153846 0.703125 0.17307692307692307 0.07211538461538461
0 0.9158653846153846 0.3557692307692308 0.16346153846153846 0.08653846153846154
0 0.9230769230769231 0.18990384615384615 0.14903846153846154 0.08653846153846154
0 0.8954326923076923 0.7920673076923077 0.17067307692307693 0.08173076923076923
0 0.9230769230769231 0.27283653846153844 0.14903846153846154 0.09375
0 0.8894230769230769 0.8713942307692307 0.17067307692307693 0.08413461538461539
0 0.8846153846153846 0.9579326923076923 0.16826923076923078 0.07932692307692307
0 0.9278846153846154 0.44471153846153844 0.13942307692307693 0.07211538461538461