0 0.7451923076923077 0.018028846153846152 0.19230769230769232 0.036057692307692304
0 0.7427884615384616 0.08653846153846154 0.19951923076923078 0.0673076923076923
0 0.7572115384615384 0.6033653846153846 0.1875 0.052884615384615384
0 0.7596153846153846 0.6875 0.18509615384615385 0.057692307692307696
0 0.7475961538461539 0.5132211538461539 0.22115384615384615 0.06490384615384616
0 0.7403846153846154 0.34375 0.21394230769230768 0.0625
0 0.734375 0.2608173076923077 0.17067307692307693 0.052884615384615384
0 0.7524038461538461 0.7716346153846154 0.18990384615384615 0.0625
0 0.7319711538461539 0.17548076923076922 0.18990384615384615 0.057692307692307696
0 0.7391826923076923 0.42908653846153844 0.22596153846153846 0.06009615384615385
0 0.7572115384615384 0.9471153846153846 0.21153846153846154 0.0625
0 0.75 0.8641826923076923 0.20192307692307693 0.055288461538461536
0 0.49038461538461536 0.5168269230769231 0.2668269230769231 0.0673076923076923
0 0.4951923076923077 0.9447115384615384 0.2403846153846154 0.06009615384615385
0 0.48677884615384615 0.8629807692307693 0.24759615384615385 0.06490384615384616
0 0.48197115384615385 0.7764423076923077 0.25961538461538464 0.06971153846153846
0 0.46875 0.4375 0.25240384615384615 0.06490384615384616
0 0.47475961538461536 0.6045673076923077 0.24278846153846154 0.06490384615384616
0 0.44591346153846156 0.027644230769230768 0.2668269230769231 0.055288461538461536
0 0.44711538461538464 0.09495192307692307 0.23317307692307693 0.06490384615384616
0 0.45072115384615385 0.1875 0.24759615384615385 0.06971153846153846
0 0.4579326923076923 0.6875 0.21875 0.0625
0 0.4423076923076923 0.26802884615384615 0.23076923076923078 0.0673076923076923
0 0.44471153846153844 0.35216346153846156 0.23798076923076922 0.0625
0 0.11778846153846154 0.5228365384615384 0.2283653846153846 0.07451923076923077
0 0.11778846153846154 0.6081730769230769 0.22115384615384615 0.07211538461538461
0 0.12139423076923077 0.6959134615384616 0.22596153846153846 0.06490384615384616
0 0.109375 0.36538461538461536 0.21875 0.08653846153846154
0 0.12740384615384615 0.9495192307692307 0.22115384615384615 0.08653846153846154
0 0.10817307692307693 0.4423076923076923 0.21634615384615385 0.07692307692307693
0 0.10576923076923077 0.19230769230769232 0.21153846153846154 0.07211538461538461
0 0.09975961538461539 0.036057692307692304 0.19951923076923078 0.04807692307692308
0 0.10336538461538461 0.28125 0.20673076923076922 0.07211538461538461
0 0.11778846153846154 0.7800480769230769 0.21394230769230768 0.06971153846153846
0 0.1201923076923077 0.8665865384615384 0.21394230769230768 0.07932692307692307
0 0.09615384615384616 0.1045673076923077 0.19230769230769232 0.06971153846153846