0 0.2800480769230769 0.021634615384615384 0.22355769230769232 0.04326923076923077
0 0.28125 0.09014423076923077 0.23076923076923078 0.0625
0 0.2776442307692308 0.265625 0.22355769230769232 0.057692307692307696
0 0.28365384615384615 0.18028846153846154 0.24278846153846154 0.06009615384615385
0 0.2800480769230769 0.5204326923076923 0.23798076923076922 0.06971153846153846
0 0.27524038461538464 0.8629807692307693 0.24519230769230768 0.07451923076923077
0 0.2848557692307692 0.6105769230769231 0.22355769230769232 0.055288461538461536
0 0.28966346153846156 0.34975961538461536 0.25 0.0625
0 0.2848557692307692 0.6911057692307693 0.22596153846153846 0.0625
0 0.28966346153846156 0.4362980769230769 0.25 0.0625
0 0.2860576923076923 0.7752403846153846 0.23798076923076922 0.07692307692307693
0 0.2932692307692308 0.9579326923076923 0.23798076923076922 0.057692307692307696
0 0.5516826923076923 0.9459134615384616 0.24278846153846154 0.0625
0 0.5649038461538461 0.5228365384615384 0.2692307692307692 0.052884615384615384
0 0.5612980769230769 0.7776442307692307 0.27163461538461536 0.0673076923076923
0 0.5625 0.8581730769230769 0.24759615384615385 0.06490384615384616
0 0.5757211538461539 0.43990384615384615 0.25721153846153844 0.06009615384615385
0 0.5721153846153846 0.6069711538461539 0.25721153846153844 0.07451923076923077
0 0.5841346153846154 0.025240384615384616 0.27163461538461536 0.04807692307692308
0 0.5841346153846154 0.18269230769230768 0.23557692307692307 0.0625
0 0.5877403846153846 0.09615384615384616 0.23798076923076922 0.06490384615384616
0 0.5853365384615384 0.3545673076923077 0.22355769230769232 0.06009615384615385
0 0.5841346153846154 0.6911057692307693 0.22115384615384615 0.06009615384615385
0 0.59375 0.2704326923076923 0.21153846153846154 0.0625
0 0.9074519230769231 0.6899038461538461 0.17307692307692307 0.06490384615384616
0 0.9134615384615384 0.5180288461538461 0.16826923076923078 0.07211538461538461
0 0.9122596153846154 0.6021634615384616 0.16826923076923078 0.07211538461538461
0 0.9086538461538461 0.7752403846153846 0.16826923076923078 0.0673076923076923
0 0.9170673076923077 0.4362980769230769 0.16346153846153846 0.0673076923076923
0 0.9086538461538461 0.859375 0.16826923076923078 0.07692307692307693
0 0.9074519230769231 0.9447115384615384 0.16826923076923078 0.08413461538461539
0 0.9182692307692307 0.18629807692307693 0.15865384615384615 0.06971153846153846
0 0.9182692307692307 0.2692307692307692 0.15865384615384615 0.07211538461538461
0 0.9170673076923077 0.35697115384615385 0.16105769230769232 0.06490384615384616
0 0.9242788461538461 0.03245192307692308 0.1466346153846154 0.05048076923076923
0 0.9266826923076923 0.10216346153846154 0.14182692307692307 0.06009615384615385