0 0.7211538461538461 0.9471153846153846 0.0673076923076923 0.07692307692307693
0 0.020432692307692308 0.40024038461538464 0.040865384615384616 0.2620192307692308
0 0.33533653846153844 0.3798076923076923 0.0673076923076923 0.22596153846153846
0 0.0829326923076923 0.39783653846153844 0.08413461538461539 0.24759615384615385
0 0.171875 0.3942307692307692 0.07932692307692307 0.24278846153846154
0 0.6790865384615384 0.3605769230769231 0.0673076923076923 0.23557692307692307
0 0.9350961538461539 0.34615384615384615 0.08413461538461539 0.2644230769230769
0 0.8521634615384616 0.34975961538461536 0.08173076923076923 0.2548076923076923
0 0.7716346153846154 0.3605769230769231 0.07451923076923077 0.24278846153846154
0 0.4266826923076923 0.38221153846153844 0.06971153846153846 0.25240384615384615
0 0.2548076923076923 0.40384615384615385 0.08173076923076923 0.27403846153846156
0 0.4362980769230769 0.5528846153846154 0.09615384615384616 0.4735576923076923
0 0.5264423076923077 0.6526442307692307 0.07451923076923077 0.29086538461538464
0 0.7007211538461539 0.6502403846153846 0.06971153846153846 0.23798076923076922
0 0.037259615384615384 0.703125 0.0625 0.2668269230769231
0 0.27524038461538464 0.6887019230769231 0.06971153846153846 0.24759615384615385
0 0.8713942307692307 0.6478365384615384 0.07451923076923077 0.2620192307692308
0 0.7836538461538461 0.6598557692307693 0.08173076923076923 0.27163461538461536
0 0.3641826923076923 0.7019230769230769 0.07211538461538461 0.22355769230769232