0 0.5865384615384616 0.47716346153846156 0.07211538461538461 0.21153846153846154
0 0.75 0.49399038461538464 0.07211538461538461 0.23317307692307693
0 0.6634615384615384 0.49759615384615385 0.06971153846153846 0.21153846153846154
0 0.25240384615384615 0.47716346153846156 0.07211538461538461 0.2283653846153846
0 0.5036057692307693 0.49399038461538464 0.08173076923076923 0.21153846153846154
0 0.16466346153846154 0.47836538461538464 0.07451923076923077 0.24519230769230768
0 0.3317307692307692 0.49158653846153844 0.0673076923076923 0.25721153846153844
0 0.08052884615384616 0.47836538461538464 0.0673076923076923 0.24759615384615385
0 0.9182692307692307 0.5252403846153846 0.0673076923076923 0.24519230769230768
0 0.41586538461538464 0.5024038461538461 0.06971153846153846 0.25240384615384615
0 0.8389423076923077 0.5432692307692307 0.08173076923076923 0.23076923076923078
0 0.15745192307692307 0.7608173076923077 0.07451923076923077 0.2860576923076923
0 0.013221153846153846 0.7632211538461539 0.026442307692307692 0.27163461538461536
0 0.07091346153846154 0.7680288461538461 0.0673076923076923 0.24519230769230768
0 0.328125 0.7824519230769231 0.0673076923076923 0.24759615384615385
0 0.4987980769230769 0.7932692307692307 0.07211538461538461 0.25721153846153844
0 0.40865384615384615 0.7896634615384616 0.0673076923076923 0.22596153846153846
0 0.9194711538461539 0.8173076923076923 0.0673076923076923 0.25961538461538464
0 0.2403846153846154 0.7848557692307693 0.07692307692307693 0.24278846153846154
0 0.5817307692307693 0.8064903846153846 0.0673076923076923 0.2403846153846154
0 0.8317307692307693 0.8197115384615384 0.06009615384615385 0.22115384615384615
0 0.7451923076923077 0.8185096153846154 0.06490384615384616 0.21875
0 0.6610576923076923 0.8161057692307693 0.06490384615384616 0.2283653846153846
0 0.9495192307692307 0.21033653846153846 0.06490384615384616 0.08413461538461539
0 0.8641826923076923 0.21033653846153846 0.0625 0.08653846153846154
0 0.18389423076923078 0.17668269230769232 0.06490384615384616 0.09615384615384616
0 0.2692307692307692 0.18509615384615385 0.06009615384615385 0.0985576923076923
0 0.09495192307692307 0.17548076923076922 0.06971153846153846 0.10336538461538461
0 0.4375 0.19471153846153846 0.06490384615384616 0.10576923076923077
0 0.7740384615384616 0.2127403846153846 0.07451923076923077 0.10576923076923077
0 0.3557692307692308 0.19110576923076922 0.06009615384615385 0.10817307692307693
0 0.030048076923076924 0.17427884615384615 0.028846153846153848 0.1201923076923077
0 0.5264423076923077 0.20192307692307693 0.06490384615384616 0.10096153846153846
0 0.6081730769230769 0.20552884615384615 0.055288461538461536 0.10096153846153846
0 0.6935096153846154 0.21033653846153846 0.0673076923076923 0.09615384615384616