0 0.4807692307692308 0.2512019230769231 0.06009615384615385 0.20432692307692307
0 0.6526442307692307 0.2620192307692308 0.057692307692307696 0.21153846153846154
0 0.9122596153846154 0.2692307692307692 0.057692307692307696 0.22596153846153846
0 0.9759615384615384 0.27403846153846156 0.04326923076923077 0.23557692307692307
0 0.31009615384615385 0.2620192307692308 0.06009615384615385 0.23317307692307693
0 0.828125 0.27283653846153844 0.0625 0.22596153846153846
0 0.13822115384615385 0.265625 0.07211538461538461 0.24519230769230768
0 0.5637019230769231 0.27524038461538464 0.06490384615384616 0.24278846153846154
0 0.051682692307692304 0.265625 0.0625 0.25
0 0.22115384615384615 0.2692307692307692 0.06490384615384616 0.2403846153846154
0 0.3942307692307692 0.27283653846153844 0.06009615384615385 0.24278846153846154
0 0.7403846153846154 0.2824519230769231 0.06490384615384616 0.25
0 0.4795673076923077 0.5408653846153846 0.057692307692307696 0.2980769230769231
0 0.5637019230769231 0.5528846153846154 0.0673076923076923 0.29086538461538464
0 0.9014423076923077 0.5661057692307693 0.06971153846153846 0.25721153846153844
0 0.3954326923076923 0.5612980769230769 0.0673076923076923 0.24759615384615385
0 0.9747596153846154 0.5721153846153846 0.04807692307692308 0.2668269230769231
0 0.042067307692307696 0.5564903846153846 0.057692307692307696 0.25
0 0.30649038461538464 0.5625 0.0625 0.24278846153846154
0 0.2247596153846154 0.5625 0.0673076923076923 0.2692307692307692
0 0.7331730769230769 0.5733173076923077 0.06009615384615385 0.24519230769230768
0 0.8149038461538461 0.5865384615384616 0.07451923076923077 0.21394230769230768
0 0.6454326923076923 0.5853365384615384 0.0625 0.21394230769230768
0 0.13341346153846154 0.578125 0.0625 0.21634615384615385
0 0.3004807692307692 0.9050480769230769 0.06971153846153846 0.1778846153846154
0 0.390625 0.90625 0.0673076923076923 0.17307692307692307
0 0.038461538461538464 0.9014423076923077 0.06971153846153846 0.17067307692307693
0 0.21754807692307693 0.9074519230769231 0.07692307692307693 0.17307692307692307
0 0.12379807692307693 0.9110576923076923 0.0625 0.16105769230769232