0 0.29927884615384615 0.43028846153846156 0.0673076923076923 0.21394230769230768
0 0.9002403846153846 0.4411057692307692 0.0673076923076923 0.21875
0 0.12860576923076922 0.43028846153846156 0.06490384615384616 0.23557692307692307
0 0.9699519230769231 0.44471153846153844 0.055288461538461536 0.21634615384615385
0 0.7259615384615384 0.4423076923076923 0.06490384615384616 0.2283653846153846
0 0.21514423076923078 0.4338942307692308 0.07211538461538461 0.2283653846153846
0 0.8100961538461539 0.44350961538461536 0.06490384615384616 0.2283653846153846
0 0.042067307692307696 0.43149038461538464 0.06490384615384616 0.2403846153846154
0 0.38461538461538464 0.4387019230769231 0.06490384615384616 0.21875
0 0.6454326923076923 0.44711538461538464 0.0673076923076923 0.24519230769230768
0 0.5637019230769231 0.4495192307692308 0.0625 0.24278846153846154
0 0.4675480769230769 0.45913461538461536 0.0625 0.23557692307692307
0 0.04567307692307692 0.7091346153846154 0.06971153846153846 0.24759615384615385
0 0.47115384615384615 0.7247596153846154 0.06490384615384616 0.2764423076923077
0 0.5552884615384616 0.7307692307692307 0.06490384615384616 0.25240384615384615
0 0.21514423076923078 0.7259615384615384 0.0673076923076923 0.2692307692307692
0 0.1346153846153846 0.7247596153846154 0.0673076923076923 0.22355769230769232
0 0.38822115384615385 0.7319711538461539 0.0625 0.24759615384615385
0 0.9735576923076923 0.7475961538461539 0.04326923076923077 0.2620192307692308
0 0.640625 0.7427884615384616 0.06490384615384616 0.23076923076923078
0 0.8076923076923077 0.7487980769230769 0.0625 0.23557692307692307
0 0.8930288461538461 0.7524038461538461 0.06490384615384616 0.22596153846153846
0 0.29927884615384615 0.7512019230769231 0.06490384615384616 0.21634615384615385
0 0.7223557692307693 0.7596153846153846 0.06009615384615385 0.22355769230769232
0 0.3076923076923077 0.9807692307692307 0.06971153846153846 0.028846153846153848