0 0.5276442307692307 0.3641826923076923 0.06490384615384616 0.29086538461538464
0 0.4423076923076923 0.3641826923076923 0.0625 0.27403846153846156
0 0.03245192307692308 0.3737980769230769 0.06009615384615385 0.25961538461538464
0 0.9615384615384616 0.3918269230769231 0.07211538461538461 0.25721153846153844
0 0.10216346153846154 0.3762019230769231 0.06971153846153846 0.2620192307692308
0 0.6983173076923077 0.3894230769230769 0.06009615384615385 0.25240384615384615
0 0.6081730769230769 0.3894230769230769 0.0625 0.23557692307692307
0 0.27403846153846156 0.3870192307692308 0.0625 0.24278846153846154
0 0.7824519230769231 0.3954326923076923 0.06971153846153846 0.27163461538461536
0 0.8725961538461539 0.40865384615384615 0.06009615384615385 0.22355769230769232
0 0.35697115384615385 0.4026442307692308 0.0625 0.21875
0 0.1875 0.39903846153846156 0.06490384615384616 0.22355769230769232
0 0.7776442307692307 0.7632211538461539 0.06009615384615385 0.21394230769230768
0 0.9555288461538461 0.7788461538461539 0.06490384615384616 0.23317307692307693
0 0.8725961538461539 0.7776442307692307 0.07211538461538461 0.25
0 0.6923076923076923 0.7908653846153846 0.0673076923076923 0.28125
0 0.6009615384615384 0.7920673076923077 0.0625 0.2932692307692308
0 0.4519230769230769 0.17908653846153846 0.07211538461538461 0.07451923076923077
0 0.9603365384615384 0.18990384615384615 0.06009615384615385 0.07451923076923077
0 0.7896634615384616 0.1875 0.04807692307692308 0.0673076923076923
0 0.8774038461538461 0.18990384615384615 0.057692307692307696 0.06971153846153846
0 0.27403846153846156 0.18389423076923078 0.0673076923076923 0.08173076923076923
0 0.6213942307692307 0.20072115384615385 0.052884615384615384 0.0985576923076923