0 0.9603365384615384 0.6694711538461539 0.06490384615384616 0.055288461538461536
0 0.171875 0.8088942307692307 0.06971153846153846 0.04567307692307692
0 0.19471153846153846 0.21153846153846154 0.06490384615384616 0.057692307692307696
0 0.18509615384615385 0.640625 0.07932692307692307 0.05048076923076923
0 0.19110576923076922 0.5564903846153846 0.08653846153846154 0.05048076923076923
0 0.19471153846153846 0.47115384615384615 0.08173076923076923 0.04807692307692308
0 0.3954326923076923 0.052884615384615384 0.24278846153846154 0.0625
0 0.390625 0.4795673076923077 0.25721153846153844 0.07692307692307693
0 0.4014423076923077 0.2247596153846154 0.27163461538461536 0.07211538461538461
0 0.38100961538461536 0.9038461538461539 0.23557692307692307 0.0673076923076923
0 0.3942307692307692 0.5612980769230769 0.25721153846153844 0.0673076923076923
0 0.38822115384615385 0.8137019230769231 0.24278846153846154 0.06490384615384616
0 0.39663461538461536 0.6466346153846154 0.23317307692307693 0.0625
0 0.3894230769230769 0.9735576923076923 0.25 0.04807692307692308
0 0.4182692307692308 0.3125 0.22115384615384615 0.06009615384615385
0 0.40625 0.734375 0.21634615384615385 0.06009615384615385
0 0.7463942307692307 0.4170673076923077 0.21394230769230768 0.06971153846153846
0 0.7608173076923077 0.24879807692307693 0.2283653846153846 0.06971153846153846
0 0.7632211538461539 0.33413461538461536 0.24759615384615385 0.07211538461538461
0 0.7536057692307693 0.7512019230769231 0.23317307692307693 0.06490384615384616
0 0.7512019230769231 0.9807692307692307 0.23317307692307693 0.03365384615384615
0 0.7644230769230769 0.5024038461538461 0.2620192307692308 0.07211538461538461
0 0.7572115384615384 0.8365384615384616 0.25240384615384615 0.06971153846153846
0 0.78125 0.16826923076923078 0.25721153846153844 0.07692307692307693
0 0.7644230769230769 0.6610576923076923 0.25961538461538464 0.08173076923076923
0 0.7560096153846154 0.9230769230769231 0.23557692307692307 0.0625
0 0.7716346153846154 0.5817307692307693 0.2620192307692308 0.0673076923076923