0 0.7055288461538461 0.04567307692307692 0.21153846153846154 0.07211538461538461
0 0.7463942307692307 0.8137019230769231 0.21153846153846154 0.07692307692307693
0 0.703125 0.13822115384615385 0.22596153846153846 0.07451923076923077
0 0.7163461538461539 0.39663461538461536 0.24759615384615385 0.06971153846153846
0 0.7067307692307693 0.22355769230769232 0.23798076923076922 0.07692307692307693
0 0.7427884615384616 0.8990384615384616 0.23798076923076922 0.07451923076923077
0 0.7451923076923077 0.9651442307692307 0.22596153846153846 0.04807692307692308
0 0.7247596153846154 0.6394230769230769 0.21634615384615385 0.06971153846153846
0 0.7211538461538461 0.5600961538461539 0.2403846153846154 0.07932692307692307
0 0.7127403846153846 0.4735576923076923 0.2283653846153846 0.07692307692307693
0 0.7199519230769231 0.7295673076923077 0.1971153846153846 0.0673076923076923
0 0.6947115384615384 0.31009615384615385 0.20432692307692307 0.06971153846153846
0 0.37259615384615385 0.41586538461538464 0.19471153846153846 0.06490384615384616
0 0.38461538461538464 0.7451923076923077 0.21634615384615385 0.07211538461538461
0 0.35336538461538464 0.33653846153846156 0.22596153846153846 0.06971153846153846
0 0.3485576923076923 0.25240384615384615 0.1971153846153846 0.07692307692307693
0 0.3798076923076923 0.8377403846153846 0.24519230769230768 0.057692307692307696
0 0.36899038461538464 0.6670673076923077 0.28125 0.06490384615384616
0 0.3557692307692308 0.4963942307692308 0.2091346153846154 0.06971153846153846
0 0.37740384615384615 0.9242788461538461 0.23317307692307693 0.0625
0 0.38100961538461536 0.9831730769230769 0.21394230769230768 0.028846153846153848
0 0.3317307692307692 0.16346153846153846 0.2403846153846154 0.07211538461538461
0 0.3269230769230769 0.08413461538461539 0.23798076923076922 0.07692307692307693
0 0.33413461538461536 0.5865384615384616 0.19951923076923078 0.06490384615384616
0 0.11177884615384616 0.5072115384615384 0.22115384615384615 0.0625
0 0.12379807692307693 0.8425480769230769 0.21153846153846154 0.06971153846153846
0 0.13221153846153846 0.9867788461538461 0.21153846153846154 0.021634615384615384
0 0.09014423076923077 0.078125 0.18028846153846154 0.07451923076923077
0 0.109375 0.7620192307692307 0.18028846153846154 0.06971153846153846
0 0.10096153846153846 0.5901442307692307 0.19230769230769232 0.0625
0 0.10096153846153846 0.6706730769230769 0.18269230769230768 0.07692307692307693
0 0.11177884615384616 0.9290865384615384 0.1778846153846154 0.07211538461538461
0 0.08173076923076923 0.41947115384615385 0.16346153846153846 0.06971153846153846
0 0.07692307692307693 0.2536057692307692 0.15384615384615385 0.06009615384615385
0 0.06971153846153846 0.171875 0.13942307692307693 0.06971153846153846
0 0.06370192307692307 0.3389423076923077 0.12740384615384615 0.057692307692307696