0 0.23197115384615385 0.028846153846153848 0.22115384615384615 0.038461538461538464
0 0.24278846153846154 0.09254807692307693 0.23798076923076922 0.06490384615384616
0 0.27163461538461536 0.6069711538461539 0.24759615384615385 0.0673076923076923
0 0.2824519230769231 0.6899038461538461 0.2403846153846154 0.07451923076923077
0 0.27524038461538464 0.5192307692307693 0.25240384615384615 0.06971153846153846
0 0.29447115384615385 0.859375 0.25721153846153844 0.07211538461538461
0 0.2920673076923077 0.7704326923076923 0.23076923076923078 0.06971153846153846
0 0.26322115384615385 0.17668269230769232 0.22596153846153846 0.0673076923076923
0 0.27884615384615385 0.4338942307692308 0.2403846153846154 0.0673076923076923
0 0.2704326923076923 0.26802884615384615 0.23076923076923078 0.0673076923076923
0 0.27524038461538464 0.3473557692307692 0.24278846153846154 0.07692307692307693
0 0.30649038461538464 0.9423076923076923 0.25240384615384615 0.07211538461538461
0 0.6322115384615384 0.5024038461538461 0.23798076923076922 0.07451923076923077
0 0.6298076923076923 0.328125 0.22596153846153846 0.0673076923076923
0 0.6177884615384616 0.07572115384615384 0.24278846153846154 0.07692307692307693
0 0.6165865384615384 0.016826923076923076 0.25721153846153844 0.03365384615384615
0 0.6514423076923077 0.6730769230769231 0.25240384615384615 0.06490384615384616
0 0.6274038461538461 0.15745192307692307 0.2403846153846154 0.07692307692307693
0 0.6646634615384616 0.7620192307692307 0.24519230769230768 0.07692307692307693
0 0.6754807692307693 0.9302884615384616 0.25961538461538464 0.07451923076923077
0 0.6742788461538461 0.8425480769230769 0.25240384615384615 0.07932692307692307
0 0.65625 0.41466346153846156 0.23317307692307693 0.07932692307692307
0 0.6670673076923077 0.5889423076923077 0.27884615384615385 0.07932692307692307
0 0.6490384615384616 0.2439903846153846 0.2644230769230769 0.07692307692307693
0 0.8894230769230769 0.484375 0.21875 0.06490384615384616
0 0.8930288461538461 0.39903846153846156 0.20192307692307693 0.07932692307692307
0 0.9098557692307693 0.7439903846153846 0.17548076923076922 0.06971153846153846
0 0.8798076923076923 0.008413461538461538 0.19230769230769232 0.016826923076923076
0 0.8834134615384616 0.055288461538461536 0.18509615384615385 0.06490384615384616
0 0.8942307692307693 0.23076923076923078 0.17307692307692307 0.06490384615384616
0 0.9098557692307693 0.5721153846153846 0.17548076923076922 0.07692307692307693
0 0.9146634615384616 0.6598557692307693 0.1658653846153846 0.07932692307692307
0 0.921875 0.9230769230769231 0.15144230769230768 0.0673076923076923
0 0.9158653846153846 0.31490384615384615 0.1466346153846154 0.06490384615384616
0 0.9098557692307693 0.1466346153846154 0.14182692307692307 0.07451923076923077
0 0.9375 0.8329326923076923 0.1201923076923077 0.06971153846153846