0 0.6730769230769231 0.057692307692307696 0.07211538461538461 0.11538461538461539
0 0.5865384615384616 0.05889423076923077 0.07692307692307693 0.11778846153846154
0 0.35216346153846156 0.6850961538461539 0.0625 0.22355769230769232
0 0.10216346153846154 0.6959134615384616 0.07692307692307693 0.24519230769230768
0 0.18629807692307693 0.6850961538461539 0.07451923076923077 0.24519230769230768
0 0.8713942307692307 0.6550480769230769 0.07211538461538461 0.25240384615384615
0 0.7860576923076923 0.6598557692307693 0.06490384615384616 0.24519230769230768
0 0.9603365384615384 0.6514423076923077 0.07211538461538461 0.25961538461538464
0 0.2704326923076923 0.6670673076923077 0.07211538461538461 0.27163461538461536
0 0.6141826923076923 0.6442307692307693 0.06971153846153846 0.27884615384615385
0 0.5132211538461539 0.3942307692307692 0.0625 0.29086538461538464
0 0.025240384615384616 0.39663461538461536 0.05048076923076923 0.2692307692307692
0 0.859375 0.3629807692307692 0.06490384615384616 0.25961538461538464
0 0.0829326923076923 0.3918269230769231 0.0673076923076923 0.2668269230769231
0 0.7692307692307693 0.3641826923076923 0.07211538461538461 0.2644230769230769
0 0.25721153846153844 0.38341346153846156 0.0673076923076923 0.24759615384615385
0 0.34375 0.3605769230769231 0.06490384615384616 0.22355769230769232