0 0.052884615384615384 0.8064903846153846 0.055288461538461536 0.11298076923076923
0 0.8209134615384616 0.7776442307692307 0.05048076923076923 0.12740384615384615
0 0.5649038461538461 0.7716346153846154 0.052884615384615384 0.15144230769230768
0 0.6526442307692307 0.7548076923076923 0.06490384615384616 0.18509615384615385
0 0.046875 0.5540865384615384 0.0673076923076923 0.24759615384615385
0 0.390625 0.5372596153846154 0.0625 0.24759615384615385
0 0.21514423076923078 0.5408653846153846 0.057692307692307696 0.23317307692307693
0 0.1346153846153846 0.5420673076923077 0.07451923076923077 0.25240384615384615
0 0.7271634615384616 0.515625 0.0673076923076923 0.24759615384615385
0 0.8125 0.5108173076923077 0.0673076923076923 0.25961538461538464
0 0.30288461538461536 0.5228365384615384 0.057692307692307696 0.2403846153846154
0 0.6454326923076923 0.5120192307692307 0.057692307692307696 0.2283653846153846
0 0.47475961538461536 0.5132211538461539 0.057692307692307696 0.21394230769230768
0 0.5564903846153846 0.49399038461538464 0.06971153846153846 0.24519230769230768
0 0.27524038461538464 0.17307692307692307 0.0625 0.23317307692307693
0 0.9567307692307693 0.14903846153846154 0.06490384615384616 0.22596153846153846
0 0.8786057692307693 0.14783653846153846 0.0673076923076923 0.22355769230769232
0 0.3629807692307692 0.1658653846153846 0.06009615384615385 0.23317307692307693
0 0.19230769230769232 0.17067307692307693 0.07211538461538461 0.2403846153846154
0 0.7079326923076923 0.15264423076923078 0.06009615384615385 0.24519230769230768
0 0.7908653846153846 0.14543269230769232 0.0673076923076923 0.24759615384615385
0 0.6225961538461539 0.15264423076923078 0.0673076923076923 0.25961538461538464
0 0.5360576923076923 0.15384615384615385 0.07211538461538461 0.25961538461538464
0 0.4495192307692308 0.15504807692307693 0.07692307692307693 0.2620192307692308
0 0.025240384615384616 0.1622596153846154 0.05048076923076923 0.2620192307692308
0 0.109375 0.15745192307692307 0.08413461538461539 0.2764423076923077