0 0.036057692307692304 0.3076923076923077 0.07211538461538461 0.24278846153846154
0 0.9639423076923077 0.2608173076923077 0.057692307692307696 0.27403846153846156
0 0.38100961538461536 0.2956730769230769 0.06009615384615385 0.22596153846153846
0 0.12620192307692307 0.3088942307692308 0.07932692307692307 0.2548076923076923
0 0.8966346153846154 0.26802884615384615 0.07692307692307693 0.25961538461538464
0 0.20673076923076922 0.30649038461538464 0.0625 0.23317307692307693
0 0.7211538461538461 0.2824519230769231 0.0673076923076923 0.2548076923076923
0 0.8040865384615384 0.27884615384615385 0.07211538461538461 0.2644230769230769
0 0.296875 0.3088942307692308 0.06490384615384616 0.24278846153846154
0 0.6370192307692307 0.29447115384615385 0.0673076923076923 0.23076923076923078
0 0.4699519230769231 0.3076923076923077 0.0673076923076923 0.22596153846153846
0 0.5528846153846154 0.31009615384615385 0.06971153846153846 0.22115384615384615
0 0.9026442307692307 0.6310096153846154 0.07692307692307693 0.22355769230769232
0 0.7331730769230769 0.640625 0.06490384615384616 0.22596153846153846
0 0.9711538461538461 0.6346153846153846 0.052884615384615384 0.22596153846153846
0 0.38822115384615385 0.6634615384615384 0.06009615384615385 0.23076923076923078
0 0.30288461538461536 0.6682692307692307 0.0625 0.22596153846153846
0 0.22115384615384615 0.6742788461538461 0.07692307692307693 0.2403846153846154
0 0.8161057692307693 0.6442307692307693 0.06971153846153846 0.23317307692307693
0 0.13221153846153846 0.6814903846153846 0.08173076923076923 0.2403846153846154
0 0.04447115384615385 0.6887019230769231 0.07692307692307693 0.2548076923076923
0 0.6478365384615384 0.6610576923076923 0.07692307692307693 0.25721153846153844
0 0.5588942307692307 0.6658653846153846 0.06971153846153846 0.24759615384615385
0 0.47596153846153844 0.6706730769230769 0.07692307692307693 0.24519230769230768
0 0.49158653846153844 0.9038461538461539 0.06971153846153846 0.1875
0 0.07211538461538461 0.9170673076923077 0.07692307692307693 0.16105769230769232
0 0.9771634615384616 0.8858173076923077 0.040865384615384616 0.18028846153846154
0 0.5769230769230769 0.9074519230769231 0.0673076923076923 0.17548076923076922
0 0.40625 0.9158653846153846 0.0673076923076923 0.16346153846153846
0 0.234375 0.9194711538461539 0.06971153846153846 0.15625
0 0.1502403846153846 0.921875 0.07451923076923077 0.15144230769230768
0 0.6610576923076923 0.9110576923076923 0.06971153846153846 0.15865384615384615
0 0.828125 0.9026442307692307 0.0625 0.15865384615384615
0 0.9146634615384616 0.8990384615384616 0.0673076923076923 0.15625
0 0.7463942307692307 0.9194711538461539 0.06971153846153846 0.1346153846153846
0 0.32572115384615385 0.9362980769230769 0.06971153846153846 0.12259615384615384