0 0.18269230769230768 0.45552884615384615 0.07211538461538461 0.057692307692307696
0 0.16346153846153846 0.703125 0.0673076923076923 0.06490384615384616
0 0.4375 0.6514423076923077 0.22355769230769232 0.07211538461538461
0 0.4182692307692308 0.9086538461538461 0.25 0.07692307692307693
0 0.41225961538461536 0.9711538461538461 0.2620192307692308 0.052884615384615384
0 0.4326923076923077 0.8221153846153846 0.24519230769230768 0.08653846153846154
0 0.49038461538461536 0.22355769230769232 0.2548076923076923 0.08413461538461539
0 0.5048076923076923 0.056490384615384616 0.2644230769230769 0.08413461538461539
0 0.49759615384615385 0.13822115384615385 0.2548076923076923 0.0889423076923077
0 0.4567307692307692 0.7403846153846154 0.2692307692307692 0.08413461538461539
0 0.6165865384615384 0.40865384615384615 0.5 0.11057692307692307
0 0.6165865384615384 0.5805288461538461 0.4855769230769231 0.10336538461538461
0 0.7391826923076923 0.5084134615384616 0.2932692307692308 0.07692307692307693
0 0.7800480769230769 0.2548076923076923 0.27403846153846156 0.08653846153846154
0 0.7379807692307693 0.7644230769230769 0.25 0.07932692307692307
0 0.7944711538461539 0.16346153846153846 0.25961538461538464 0.07932692307692307
0 0.7620192307692307 0.6790865384615384 0.22596153846153846 0.07451923076923077