0 0.10336538461538461 0.2644230769230769 0.08173076923076923 0.28125
0 0.03485576923076923 0.2620192307692308 0.06009615384615385 0.28365384615384615
0 0.9627403846153846 0.31490384615384615 0.06490384615384616 0.25240384615384615
0 0.7956730769230769 0.3125 0.0673076923076923 0.2403846153846154
0 0.6213942307692307 0.30528846153846156 0.06009615384615385 0.23557692307692307
0 0.8713942307692307 0.31850961538461536 0.07932692307692307 0.25961538461538464
0 0.19591346153846154 0.2860576923076923 0.07211538461538461 0.2644230769230769
0 0.2800480769230769 0.2920673076923077 0.06971153846153846 0.2548076923076923
0 0.7055288461538461 0.3173076923076923 0.0673076923076923 0.2548076923076923
0 0.3605769230769231 0.30528846153846156 0.06009615384615385 0.2283653846153846
0 0.5288461538461539 0.3173076923076923 0.06490384615384616 0.21634615384615385
0 0.4495192307692308 0.3233173076923077 0.06490384615384616 0.22115384615384615
0 0.6983173076923077 0.6730769230769231 0.06971153846153846 0.22596153846153846
0 0.6153846153846154 0.6694711538461539 0.0625 0.2283653846153846
0 0.09735576923076923 0.6442307692307693 0.07451923076923077 0.22596153846153846
0 0.027644230769230768 0.6418269230769231 0.055288461538461536 0.22596153846153846
0 0.26802884615384615 0.6586538461538461 0.06490384615384616 0.24278846153846154
0 0.7764423076923077 0.6875 0.08413461538461539 0.24759615384615385
0 0.3545673076923077 0.6670673076923077 0.07211538461538461 0.25961538461538464
0 0.5240384615384616 0.6754807692307693 0.07932692307692307 0.25
0 0.18509615384615385 0.6574519230769231 0.07211538461538461 0.23557692307692307
0 0.4387019230769231 0.6742788461538461 0.0673076923076923 0.25
0 0.8581730769230769 0.6959134615384616 0.09615384615384616 0.2764423076923077
0 0.9519230769230769 0.703125 0.08653846153846154 0.2644230769230769
0 0.5108173076923077 0.9050480769230769 0.07451923076923077 0.18509615384615385
0 0.9350961538461539 0.9230769230769231 0.07692307692307693 0.14903846153846154
0 0.59375 0.9170673076923077 0.07211538461538461 0.16105769230769232
0 0.019230769230769232 0.8930288461538461 0.038461538461538464 0.1658653846153846
0 0.4206730769230769 0.9122596153846154 0.07211538461538461 0.1658653846153846
0 0.7632211538461539 0.921875 0.07451923076923077 0.15144230769230768
0 0.8473557692307693 0.9266826923076923 0.06971153846153846 0.14182692307692307
0 0.3389423076923077 0.9170673076923077 0.06971153846153846 0.1466346153846154
0 0.171875 0.9086538461538461 0.0625 0.1466346153846154
0 0.08533653846153846 0.9050480769230769 0.0673076923076923 0.14423076923076922
0 0.2536057692307692 0.9242788461538461 0.06971153846153846 0.125
0 0.6778846153846154 0.9399038461538461 0.0673076923076923 0.11538461538461539