0 0.38221153846153844 0.49399038461538464 0.057692307692307696 0.21875
0 0.9735576923076923 0.5060096153846154 0.05048076923076923 0.20673076923076922
0 0.2932692307692308 0.49399038461538464 0.052884615384615384 0.23076923076923078
0 0.8954326923076923 0.5060096153846154 0.06971153846153846 0.22355769230769232
0 0.2127403846153846 0.49759615384615385 0.07451923076923077 0.24519230769230768
0 0.7247596153846154 0.5072115384615384 0.06009615384615385 0.23798076923076922
0 0.8088942307692307 0.5084134615384616 0.06009615384615385 0.23317307692307693
0 0.12980769230769232 0.5012019230769231 0.07692307692307693 0.25240384615384615
0 0.6382211538461539 0.5144230769230769 0.06490384615384616 0.25
0 0.5540865384615384 0.5132211538461539 0.06490384615384616 0.24519230769230768
0 0.46634615384615385 0.5132211538461539 0.0673076923076923 0.24278846153846154
0 0.036057692307692304 0.5084134615384616 0.07211538461538461 0.2692307692307692
0 0.46875 0.7908653846153846 0.0625 0.28365384615384615
0 0.12860576923076922 0.7920673076923077 0.06490384615384616 0.2403846153846154
0 0.04567307692307692 0.7896634615384616 0.0673076923076923 0.22115384615384615
0 0.21033653846153846 0.7944711538461539 0.06490384615384616 0.27163461538461536
0 0.3870192307692308 0.7980769230769231 0.0625 0.25
0 0.5528846153846154 0.8040865384615384 0.0625 0.2548076923076923
0 0.6382211538461539 0.8076923076923077 0.06971153846153846 0.23557692307692307
0 0.9675480769230769 0.8149038461538461 0.052884615384615384 0.2620192307692308
0 0.8954326923076923 0.8173076923076923 0.0625 0.24519230769230768
0 0.8088942307692307 0.8173076923076923 0.07211538461538461 0.25240384615384615
0 0.7199519230769231 0.8221153846153846 0.0625 0.22355769230769232
0 0.30288461538461536 0.8185096153846154 0.06490384615384616 0.21153846153846154
0 0.40024038461538464 0.1971153846153846 0.052884615384615384 0.10336538461538461
0 0.2247596153846154 0.1935096153846154 0.0625 0.10336538461538461
0 0.9146634615384616 0.20673076923076922 0.0625 0.11057692307692307
0 0.6586538461538461 0.203125 0.057692307692307696 0.10336538461538461
0 0.7403846153846154 0.20552884615384615 0.06009615384615385 0.11057692307692307
0 0.484375 0.203125 0.052884615384615384 0.11298076923076923
0 0.054086538461538464 0.19471153846153846 0.057692307692307696 0.0985576923076923
0 0.5721153846153846 0.20552884615384615 0.055288461538461536 0.11057692307692307
0 0.3137019230769231 0.20072115384615385 0.0625 0.11057692307692307
0 0.14182692307692307 0.20072115384615385 0.06490384615384616 0.11057692307692307
0 0.8233173076923077 0.2127403846153846 0.052884615384615384 0.1201923076923077
0 0.9819711538461539 0.21875 0.03125 0.11538461538461539