0 0.4567307692307692 0.5829326923076923 0.21875 0.0673076923076923
0 0.4519230769230769 0.7524038461538461 0.22596153846153846 0.06971153846153846
0 0.4639423076923077 0.6658653846153846 0.24519230769230768 0.07211538461538461
0 0.4891826923076923 0.25 0.23317307692307693 0.07211538461538461
0 0.4543269230769231 0.9170673076923077 0.24759615384615385 0.07692307692307693
0 0.47836538461538464 0.5012019230769231 0.25721153846153844 0.07692307692307693
0 0.5024038461538461 0.078125 0.23317307692307693 0.0673076923076923
0 0.49158653846153844 0.33413461538461536 0.24759615384615385 0.07692307692307693
0 0.5012019230769231 0.16466346153846154 0.24278846153846154 0.07211538461538461
0 0.46634615384615385 0.8377403846153846 0.2644230769230769 0.07211538461538461
0 0.49278846153846156 0.4170673076923077 0.2620192307692308 0.07932692307692307
0 0.7283653846153846 0.9459134615384616 0.27403846153846156 0.07932692307692307
0 0.7572115384615384 0.5228365384615384 0.28365384615384615 0.0673076923076923
0 0.7632211538461539 0.43149038461538464 0.2620192307692308 0.07211538461538461
0 0.7800480769230769 0.1814903846153846 0.28846153846153844 0.06971153846153846
0 0.7896634615384616 0.027644230769230768 0.2644230769230769 0.040865384615384616
0 0.7800480769230769 0.3545673076923077 0.25721153846153844 0.07451923076923077
0 0.8004807692307693 0.10096153846153846 0.25240384615384615 0.07211538461538461
0 0.7932692307692307 0.265625 0.2403846153846154 0.07211538461538461
0 0.78125 0.609375 0.23317307692307693 0.0673076923076923
0 0.7752403846153846 0.8605769230769231 0.21875 0.07451923076923077
0 0.7800480769230769 0.7752403846153846 0.22596153846153846 0.06971153846153846
0 0.7884615384615384 0.6935096153846154 0.2283653846153846 0.06971153846153846
0 0.15865384615384615 0.9134615384615384 0.06971153846153846 0.06971153846153846
0 0.16706730769230768 0.8305288461538461 0.07932692307692307 0.07451923076923077
0 0.20192307692307693 0.23677884615384615 0.08653846153846154 0.0673076923076923
0 0.18389423076923078 0.5733173076923077 0.08653846153846154 0.06490384615384616
0 0.21153846153846154 0.06129807692307692 0.08653846153846154 0.0673076923076923
0 0.1778846153846154 0.7379807692307693 0.09134615384615384 0.07211538461538461
0 0.2091346153846154 0.15384615384615385 0.09615384615384616 0.06009615384615385
0 0.18389423076923078 0.6550480769230769 0.0889423076923077 0.06490384615384616
0 0.203125 0.31971153846153844 0.09134615384615384 0.06009615384615385
0 0.19951923076923078 0.4074519230769231 0.0889423076923077 0.0625
0 0.19471153846153846 0.49158653846153844 0.0889423076923077 0.0625