0 0.6574519230769231 0.9663461538461539 0.06971153846153846 0.0625
0 0.03125 0.3329326923076923 0.052884615384615384 0.25961538461538464
0 0.35336538461538464 0.3581730769230769 0.0673076923076923 0.22596153846153846
0 0.10096153846153846 0.34134615384615385 0.08413461538461539 0.24759615384615385
0 0.18990384615384615 0.34975961538461536 0.08173076923076923 0.24278846153846154
0 0.6971153846153846 0.3870192307692308 0.0673076923076923 0.23557692307692307
0 0.9519230769230769 0.40865384615384615 0.08413461538461539 0.2644230769230769
0 0.8701923076923077 0.40024038461538464 0.08173076923076923 0.2548076923076923
0 0.7884615384615384 0.40024038461538464 0.07451923076923077 0.24278846153846154
0 0.44350961538461536 0.37259615384615385 0.06971153846153846 0.25240384615384615
0 0.2704326923076923 0.3701923076923077 0.08173076923076923 0.27403846153846156
0 0.42908653846153844 0.5432692307692307 0.09615384615384616 0.4735576923076923
0 0.5048076923076923 0.6550480769230769 0.07451923076923077 0.29086538461538464
0 0.6778846153846154 0.6766826923076923 0.06971153846153846 0.23798076923076922
0 0.02283653846153846 0.6370192307692307 0.04567307692307692 0.2692307692307692
0 0.25 0.65625 0.07211538461538461 0.24759615384615385
0 0.8473557692307693 0.6983173076923077 0.07692307692307693 0.2644230769230769
0 0.7584134615384616 0.6971153846153846 0.08173076923076923 0.27163461538461536
0 0.33774038461538464 0.6814903846153846 0.07451923076923077 0.22596153846153846