0 0.03125 0.6370192307692307 0.0625 0.057692307692307696
0 0.8064903846153846 0.8305288461538461 0.06971153846153846 0.04567307692307692
0 0.8245192307692307 0.23317307692307693 0.06490384615384616 0.057692307692307696
0 0.8040865384615384 0.6622596153846154 0.07932692307692307 0.05048076923076923
0 0.8040865384615384 0.578125 0.08653846153846154 0.05048076923076923
0 0.8064903846153846 0.49278846153846156 0.08173076923076923 0.04807692307692308
0 0.6358173076923077 0.06129807692307692 0.24278846153846154 0.0625
0 0.6105769230769231 0.48677884615384615 0.25721153846153844 0.07692307692307693
0 0.6177884615384616 0.23197115384615385 0.27163461538461536 0.07211538461538461
0 0.5901442307692307 0.9110576923076923 0.23557692307692307 0.0673076923076923
0 0.6009615384615384 0.5685096153846154 0.25721153846153844 0.0673076923076923
0 0.5901442307692307 0.8209134615384616 0.24278846153846154 0.06490384615384616
0 0.59375 0.6538461538461539 0.23317307692307693 0.0625
0 0.5769230769230769 0.9759615384615384 0.25 0.04326923076923077
0 0.59375 0.31850961538461536 0.22115384615384615 0.06009615384615385
0 0.5769230769230769 0.7403846153846154 0.21634615384615385 0.06009615384615385
0 0.2608173076923077 0.40024038461538464 0.21394230769230768 0.06971153846153846
0 0.25721153846153844 0.23197115384615385 0.2283653846153846 0.06971153846153846
0 0.24879807692307693 0.3161057692307692 0.24759615384615385 0.07211538461538461
0 0.22956730769230768 0.7331730769230769 0.23317307692307693 0.06490384615384616
0 0.21634615384615385 0.96875 0.23076923076923078 0.04567307692307692
0 0.23557692307692307 0.4831730769230769 0.2620192307692308 0.07211538461538461
0 0.21995192307692307 0.8173076923076923 0.25240384615384615 0.06971153846153846
0 0.24278846153846154 0.14903846153846154 0.25721153846153844 0.07692307692307693
0 0.2247596153846154 0.6418269230769231 0.25961538461538464 0.08173076923076923
0 0.21514423076923078 0.9038461538461539 0.23557692307692307 0.0625
0 0.22355769230769232 0.5625 0.2620192307692308 0.0673076923076923