0 0.515625 0.5276442307692307 0.06490384615384616 0.23798076923076922
0 0.016826923076923076 0.5132211538461539 0.03365384615384615 0.25
0 0.08533653846153846 0.5144230769230769 0.06009615384615385 0.2403846153846154
0 0.3425480769230769 0.515625 0.055288461538461536 0.21875
0 0.16947115384615385 0.5108173076923077 0.06490384615384616 0.2403846153846154
0 0.6875 0.5180288461538461 0.057692307692307696 0.22596153846153846
0 0.42908653846153844 0.5096153846153846 0.06009615384615385 0.24759615384615385
0 0.7752403846153846 0.5132211538461539 0.06490384615384616 0.24278846153846154
0 0.9423076923076923 0.5132211538461539 0.07211538461538461 0.25240384615384615
0 0.8581730769230769 0.5120192307692307 0.07211538461538461 0.24759615384615385
0 0.25600961538461536 0.49158653846153844 0.06971153846153846 0.2668269230769231
0 0.6021634615384616 0.4963942307692308 0.06009615384615385 0.27403846153846156
0 0.5168269230769231 0.23317307692307693 0.057692307692307696 0.2932692307692308
0 0.43509615384615385 0.22716346153846154 0.0673076923076923 0.27884615384615385
0 0.09134615384615384 0.2127403846153846 0.0673076923076923 0.24278846153846154
0 0.02283653846153846 0.21033653846153846 0.036057692307692304 0.2692307692307692
0 0.953125 0.22115384615384615 0.06490384615384616 0.24759615384615385
0 0.6021634615384616 0.2127403846153846 0.06009615384615385 0.25
0 0.6899038461538461 0.21394230769230768 0.0625 0.25240384615384615
0 0.26322115384615385 0.20673076923076922 0.06009615384615385 0.24759615384615385
0 0.7752403846153846 0.21514423076923078 0.06971153846153846 0.2668269230769231
0 0.1778846153846154 0.18990384615384615 0.0625 0.21875
0 0.34615384615384615 0.19110576923076922 0.057692307692307696 0.22355769230769232
0 0.8641826923076923 0.19591346153846154 0.06009615384615385 0.22596153846153846
0 0.07932692307692307 0.8100961538461539 0.0673076923076923 0.07211538461538461
0 0.5949519230769231 0.8149038461538461 0.06009615384615385 0.08413461538461539
0 0.6790865384615384 0.8161057692307693 0.06009615384615385 0.08653846153846154
0 0.7632211538461539 0.8173076923076923 0.055288461538461536 0.08653846153846154
0 0.1658653846153846 0.8016826923076923 0.055288461538461536 0.08173076923076923
0 0.8509615384615384 0.8137019230769231 0.0625 0.09615384615384616
0 0.5108173076923077 0.8040865384615384 0.0625 0.0889423076923077
0 0.9338942307692307 0.8112980769230769 0.057692307692307696 0.0985576923076923
0 0.3449519230769231 0.8016826923076923 0.0673076923076923 0.10336538461538461
0 0.25961538461538464 0.8004807692307693 0.06490384615384616 0.08413461538461539
0 0.4230769230769231 0.8016826923076923 0.06490384615384616 0.10096153846153846