0 0.31490384615384615 0.018028846153846152 0.22596153846153846 0.036057692307692304
0 0.31009615384615385 0.07572115384615384 0.23557692307692307 0.07692307692307693
0 0.29447115384615385 0.25 0.2283653846153846 0.07211538461538461
0 0.30649038461538464 0.1658653846153846 0.24759615384615385 0.07692307692307693
0 0.27884615384615385 0.5048076923076923 0.24278846153846154 0.08653846153846154
0 0.25 0.8461538461538461 0.25 0.09134615384615384
0 0.2776442307692308 0.5949519230769231 0.22596153846153846 0.06971153846153846
0 0.3004807692307692 0.33533653846153844 0.2548076923076923 0.07932692307692307
0 0.27283653846153844 0.6754807692307693 0.23076923076923078 0.07692307692307693
0 0.29447115384615385 0.421875 0.2548076923076923 0.07932692307692307
0 0.2668269230769231 0.7596153846153846 0.2403846153846154 0.09134615384615384
0 0.2620192307692308 0.9423076923076923 0.24278846153846154 0.07451923076923077
0 0.5204326923076923 0.9483173076923077 0.24759615384615385 0.07932692307692307
0 0.5625 0.5276442307692307 0.27163461538461536 0.07211538461538461
0 0.5420673076923077 0.78125 0.2764423076923077 0.08653846153846154
0 0.5372596153846154 0.8617788461538461 0.25240384615384615 0.08173076923076923
0 0.5793269230769231 0.44591346153846156 0.2620192307692308 0.07692307692307693
0 0.5649038461538461 0.6117788461538461 0.2620192307692308 0.09134615384615384
0 0.6165865384615384 0.03365384615384615 0.2764423076923077 0.0673076923076923
0 0.6057692307692307 0.18990384615384615 0.2403846153846154 0.07692307692307693
0 0.6153846153846154 0.10336538461538461 0.24278846153846154 0.08173076923076923
0 0.5949519230769231 0.3605769230769231 0.2283653846153846 0.07451923076923077
0 0.5709134615384616 0.6971153846153846 0.22596153846153846 0.07451923076923077
0 0.609375 0.2776442307692308 0.21634615384615385 0.07692307692307693
0 0.8930288461538461 0.7175480769230769 0.1778846153846154 0.07692307692307693
0 0.9110576923076923 0.546875 0.17307692307692307 0.08413461538461539
0 0.9038461538461539 0.6310096153846154 0.17307692307692307 0.08413461538461539
0 0.8882211538461539 0.8028846153846154 0.17307692307692307 0.07932692307692307
0 0.9170673076923077 0.46634615384615385 0.16105769230769232 0.08173076923076923
0 0.8822115384615384 0.8870192307692307 0.17067307692307693 0.0889423076923077
0 0.8762019230769231 0.9603365384615384 0.17548076923076922 0.07451923076923077
0 0.9278846153846154 0.21634615384615385 0.13942307692307693 0.08173076923076923
0 0.9254807692307693 0.29927884615384615 0.14423076923076922 0.08413461538461539
0 0.9206730769230769 0.3870192307692308 0.15384615384615385 0.07692307692307693
0 0.9399038461538461 0.06490384615384616 0.11538461538461539 0.0625
0 0.9387019230769231 0.13341346153846154 0.11778846153846154 0.06971153846153846