0 0.042067307692307696 0.2247596153846154 0.0673076923076923 0.29086538461538464
0 0.6225961538461539 0.27163461538461536 0.07451923076923077 0.23557692307692307
0 0.796875 0.2848557692307692 0.06490384615384616 0.2283653846153846
0 0.10817307692307693 0.24158653846153846 0.07451923076923077 0.23317307692307693
0 0.9651442307692307 0.30528846153846156 0.06490384615384616 0.2403846153846154
0 0.8810096153846154 0.29927884615384615 0.07692307692307693 0.24519230769230768
0 0.7103365384615384 0.28966346153846156 0.06971153846153846 0.24519230769230768
0 0.28365384615384615 0.2608173076923077 0.07211538461538461 0.24759615384615385
0 0.19951923076923078 0.25600961538461536 0.06971153846153846 0.25
0 0.36658653846153844 0.2704326923076923 0.07211538461538461 0.22596153846153846
0 0.5360576923076923 0.2860576923076923 0.06971153846153846 0.22355769230769232
0 0.4483173076923077 0.2824519230769231 0.07211538461538461 0.21875
0 0.028846153846153848 0.59375 0.057692307692307696 0.22115384615384615
0 0.6081730769230769 0.6382211538461539 0.0673076923076923 0.22355769230769232
0 0.0985576923076923 0.6033653846153846 0.07932692307692307 0.2283653846153846
0 0.6971153846153846 0.6466346153846154 0.06971153846153846 0.2283653846153846
0 0.7752403846153846 0.6538461538461539 0.08653846153846154 0.2403846153846154
0 0.18389423076923078 0.6129807692307693 0.07451923076923077 0.23798076923076922
0 0.2692307692307692 0.6201923076923077 0.0673076923076923 0.23557692307692307
0 0.8701923076923077 0.6622596153846154 0.07692307692307693 0.23317307692307693
0 0.35096153846153844 0.6310096153846154 0.07932692307692307 0.2620192307692308
0 0.5216346153846154 0.6442307692307693 0.08413461538461539 0.24519230769230768
0 0.9567307692307693 0.6766826923076923 0.07211538461538461 0.25240384615384615
0 0.4387019230769231 0.6430288461538461 0.07211538461538461 0.24278846153846154
0 0.5036057692307693 0.8882211538461539 0.06490384615384616 0.21875
0 0.9314903846153846 0.9134615384615384 0.06009615384615385 0.16826923076923078
0 0.4182692307692308 0.8942307692307693 0.06971153846153846 0.19951923076923078
0 0.5865384615384616 0.9026442307692307 0.07692307692307693 0.18990384615384615
0 0.7632211538461539 0.9074519230769231 0.06971153846153846 0.18028846153846154
0 0.019230769230769232 0.8677884615384616 0.038461538461538464 0.1971153846153846
0 0.8389423076923077 0.9158653846153846 0.08653846153846154 0.16346153846153846
0 0.16706730769230768 0.8846153846153846 0.06490384615384616 0.1778846153846154
0 0.3293269230769231 0.8978365384615384 0.0673076923076923 0.18028846153846154
0 0.07932692307692307 0.8798076923076923 0.07211538461538461 0.18269230769230768
0 0.24759615384615385 0.8990384615384616 0.07451923076923077 0.16826923076923078
0 0.6658653846153846 0.9254807692307693 0.07211538461538461 0.14423076923076922