0 0.296875 0.020432692307692308 0.22355769230769232 0.040865384615384616
0 0.2956730769230769 0.0829326923076923 0.23317307692307693 0.06971153846153846
0 0.2860576923076923 0.25721153846153844 0.22596153846153846 0.06490384615384616
0 0.29447115384615385 0.17307692307692307 0.24519230769230768 0.0673076923076923
0 0.27884615384615385 0.5120192307692307 0.2403846153846154 0.07692307692307693
0 0.2620192307692308 0.8545673076923077 0.24759615384615385 0.08173076923076923
0 0.28125 0.6033653846153846 0.22596153846153846 0.0625
0 0.2956730769230769 0.3425480769230769 0.25240384615384615 0.06971153846153846
0 0.27884615384615385 0.6838942307692307 0.2283653846153846 0.06971153846153846
0 0.2920673076923077 0.42908653846153844 0.25240384615384615 0.06971153846153846
0 0.2764423076923077 0.7680288461538461 0.23798076923076922 0.08413461538461539
0 0.2776442307692308 0.9507211538461539 0.2403846153846154 0.06490384615384616
0 0.5360576923076923 0.9471153846153846 0.24519230769230768 0.06971153846153846
0 0.5637019230769231 0.5252403846153846 0.27163461538461536 0.0625
0 0.5516826923076923 0.7800480769230769 0.27403846153846156 0.07692307692307693
0 0.5492788461538461 0.8605769230769231 0.25 0.07211538461538461
0 0.578125 0.4423076923076923 0.25961538461538464 0.06971153846153846
0 0.5685096153846154 0.609375 0.25961538461538464 0.08413461538461539
0 0.6009615384615384 0.030048076923076924 0.27403846153846156 0.06009615384615385
0 0.5949519230769231 0.18629807692307693 0.23798076923076922 0.06971153846153846
0 0.6021634615384616 0.09975961538461539 0.2403846153846154 0.07211538461538461
0 0.5901442307692307 0.3581730769230769 0.22596153846153846 0.0673076923076923
0 0.578125 0.6947115384615384 0.22355769230769232 0.0673076923076923
0 0.6021634615384616 0.27403846153846156 0.21394230769230768 0.06971153846153846
0 0.9014423076923077 0.7043269230769231 0.17548076923076922 0.07211538461538461
0 0.9122596153846154 0.5324519230769231 0.17067307692307693 0.07932692307692307
0 0.9074519230769231 0.6165865384615384 0.17067307692307693 0.07932692307692307
0 0.8990384615384616 0.7896634615384616 0.17067307692307693 0.07451923076923077
0 0.9170673076923077 0.4519230769230769 0.16105769230769232 0.07692307692307693
0 0.8954326923076923 0.8737980769230769 0.17067307692307693 0.08413461538461539
0 0.8918269230769231 0.9555288461538461 0.17307692307692307 0.08413461538461539
0 0.9230769230769231 0.20192307692307693 0.14903846153846154 0.07692307692307693
0 0.921875 0.28365384615384615 0.15144230769230768 0.07692307692307693
0 0.9182692307692307 0.37259615384615385 0.15865384615384615 0.07211538461538461
0 0.9314903846153846 0.04927884615384615 0.13221153846153846 0.055288461538461536
0 0.9326923076923077 0.11899038461538461 0.12980769230769232 0.06490384615384616