0 0.9483173076923077 0.7331730769230769 0.06490384615384616 0.21634615384615385
0 0.8677884615384616 0.7259615384615384 0.06971153846153846 0.22115384615384615
0 0.78125 0.7199519230769231 0.06971153846153846 0.23557692307692307
0 0.18629807692307693 0.6971153846153846 0.0625 0.21634615384615385
0 0.27163461538461536 0.6983173076923077 0.06490384615384616 0.23317307692307693
0 0.6117788461538461 0.7103365384615384 0.0625 0.23317307692307693
0 0.5252403846153846 0.6983173076923077 0.0673076923076923 0.24278846153846154
0 0.4411057692307692 0.6935096153846154 0.0673076923076923 0.2403846153846154
0 0.028846153846153848 0.6754807692307693 0.057692307692307696 0.23076923076923078
0 0.6899038461538461 0.6983173076923077 0.07692307692307693 0.28365384615384615
0 0.10096153846153846 0.6766826923076923 0.0625 0.23076923076923078
0 0.3545673076923077 0.6754807692307693 0.07211538461538461 0.27163461538461536
0 0.19471153846153846 0.4170673076923077 0.0673076923076923 0.29086538461538464
0 0.03125 0.4014423076923077 0.0625 0.2932692307692308
0 0.1045673076923077 0.4026442307692308 0.07211538461538461 0.28846153846153844
0 0.9651442307692307 0.4254807692307692 0.06009615384615385 0.24519230769230768
0 0.7956730769230769 0.4170673076923077 0.057692307692307696 0.23317307692307693
0 0.7067307692307693 0.4110576923076923 0.057692307692307696 0.24278846153846154
0 0.8737980769230769 0.4170673076923077 0.07692307692307693 0.25721153846153844
0 0.6177884615384616 0.40625 0.0673076923076923 0.23076923076923078
0 0.2776442307692308 0.39302884615384615 0.0625 0.24759615384615385
0 0.3641826923076923 0.3870192307692308 0.06009615384615385 0.23798076923076922
0 0.5360576923076923 0.3918269230769231 0.057692307692307696 0.22596153846153846
0 0.44711538461538464 0.3858173076923077 0.0673076923076923 0.22596153846153846
0 0.6454326923076923 0.08653846153846154 0.06971153846153846 0.16105769230769232
0 0.3858173076923077 0.078125 0.07451923076923077 0.15625
0 0.5588942307692307 0.08173076923076923 0.07451923076923077 0.15625
0 0.9747596153846154 0.09615384615384616 0.04567307692307692 0.15865384615384615
0 0.29927884615384615 0.07451923076923077 0.06490384615384616 0.14903846153846154
0 0.46875 0.07692307692307693 0.07211538461538461 0.15384615384615385
0 0.8978365384615384 0.09134615384615384 0.06971153846153846 0.15384615384615385
0 0.21875 0.07451923076923077 0.07692307692307693 0.14903846153846154
0 0.8137019230769231 0.0889423076923077 0.07451923076923077 0.15384615384615385
0 0.7319711538461539 0.08533653846153846 0.06971153846153846 0.15144230769230768
0 0.04927884615384615 0.06850961538461539 0.06971153846153846 0.13701923076923078
0 0.1310096153846154 0.06971153846153846 0.07451923076923077 0.13942307692307693