0 0.016826923076923076 0.7439903846153846 0.03365384615384615 0.20432692307692307
0 0.6742788461538461 0.7475961538461539 0.06490384615384616 0.21875
0 0.5913461538461539 0.7451923076923077 0.0673076923076923 0.21394230769230768
0 0.15985576923076922 0.7379807692307693 0.06009615384615385 0.21394230769230768
0 0.7548076923076923 0.7463942307692307 0.057692307692307696 0.21394230769230768
0 0.07572115384615384 0.7319711538461539 0.0625 0.22355769230769232
0 0.8449519230769231 0.7451923076923077 0.06009615384615385 0.22355769230769232
0 0.2548076923076923 0.7319711538461539 0.06009615384615385 0.21875
0 0.4182692307692308 0.734375 0.06009615384615385 0.22596153846153846
0 0.9302884615384616 0.7427884615384616 0.06009615384615385 0.23076923076923078
0 0.5036057692307693 0.734375 0.057692307692307696 0.22355769230769232
0 0.3317307692307692 0.7319711538461539 0.06490384615384616 0.22355769230769232
0 0.515625 0.3954326923076923 0.06490384615384616 0.22355769230769232
0 0.3425480769230769 0.3870192307692308 0.06009615384615385 0.22115384615384615
0 0.016826923076923076 0.3798076923076923 0.028846153846153848 0.24759615384615385
0 0.6862980769230769 0.3870192307692308 0.06490384615384616 0.24278846153846154
0 0.43028846153846156 0.38100961538461536 0.07211538461538461 0.2548076923076923
0 0.16826923076923078 0.3762019230769231 0.07211538461538461 0.23557692307692307
0 0.08413461538461539 0.3737980769230769 0.0673076923076923 0.24278846153846154
0 0.9423076923076923 0.38221153846153844 0.0673076923076923 0.25961538461538464
0 0.7728365384615384 0.3798076923076923 0.06971153846153846 0.24519230769230768
0 0.8545673076923077 0.3798076923076923 0.06971153846153846 0.25240384615384615
0 0.6009615384615384 0.36538461538461536 0.0625 0.27163461538461536
0 0.25721153846153844 0.35697115384615385 0.07211538461538461 0.2668269230769231
0 0.5120192307692307 0.12740384615384615 0.055288461538461536 0.2403846153846154
0 0.42788461538461536 0.11177884615384616 0.0673076923076923 0.22115384615384615
0 0.9459134615384616 0.11778846153846154 0.06971153846153846 0.21634615384615385
0 0.7728365384615384 0.1141826923076923 0.06009615384615385 0.21394230769230768
0 0.02403846153846154 0.1045673076923077 0.03365384615384615 0.2091346153846154
0 0.08653846153846154 0.10336538461538461 0.08173076923076923 0.20673076923076922
0 0.6887019230769231 0.10697115384615384 0.057692307692307696 0.1971153846153846
0 0.25961538461538464 0.09975961538461539 0.0625 0.19951923076923078
0 0.5997596153846154 0.10216346153846154 0.0625 0.1971153846153846
0 0.17427884615384615 0.08653846153846154 0.07451923076923077 0.17307692307692307
0 0.3425480769230769 0.08413461538461539 0.0625 0.16826923076923078
0 0.8629807692307693 0.09134615384615384 0.06009615384615385 0.1658653846153846