0 0.08533653846153846 0.33413461538461536 0.07451923076923077 0.21634615384615385
0 0.6021634615384616 0.3016826923076923 0.0625 0.22596153846153846
0 0.6862980769230769 0.2956730769230769 0.07211538461538461 0.22115384615384615
0 0.02283653846153846 0.34615384615384615 0.04567307692307692 0.23076923076923078
0 0.765625 0.2932692307692308 0.0889423076923077 0.2403846153846154
0 0.17548076923076922 0.33533653846153844 0.07451923076923077 0.23317307692307693
0 0.25841346153846156 0.33413461538461536 0.0673076923076923 0.2283653846153846
0 0.34375 0.3293269230769231 0.07451923076923077 0.25961538461538464
0 0.5144230769230769 0.31850961538461536 0.07211538461538461 0.24278846153846154
0 0.8557692307692307 0.29447115384615385 0.08173076923076923 0.25
0 0.9483173076923077 0.28966346153846156 0.06971153846153846 0.24519230769230768
0 0.43149038461538464 0.33413461538461536 0.07211538461538461 0.24278846153846154
0 0.5228365384615384 0.5817307692307693 0.08173076923076923 0.2764423076923077
0 0.953125 0.5637019230769231 0.07932692307692307 0.24759615384615385
0 0.7848557692307693 0.5889423076923077 0.07451923076923077 0.2668269230769231
0 0.8677884615384616 0.5829326923076923 0.07451923076923077 0.24759615384615385
0 0.03125 0.6430288461538461 0.0625 0.27163461538461536
0 0.6117788461538461 0.6033653846153846 0.07692307692307693 0.25240384615384615
0 0.19831730769230768 0.6346153846153846 0.07451923076923077 0.25240384615384615
0 0.3605769230769231 0.625 0.07211538461538461 0.23317307692307693
0 0.4483173076923077 0.6189903846153846 0.07451923076923077 0.2620192307692308
0 0.109375 0.6466346153846154 0.07692307692307693 0.24519230769230768
0 0.6995192307692307 0.6153846153846154 0.06971153846153846 0.22115384615384615
0 0.2800480769230769 0.6466346153846154 0.06971153846153846 0.22115384615384615
0 0.7115384615384616 0.9110576923076923 0.07692307692307693 0.15144230769230768
0 0.5456730769230769 0.9230769230769231 0.07932692307692307 0.14903846153846154
0 0.6286057692307693 0.9170673076923077 0.07451923076923077 0.14903846153846154
0 0.7956730769230769 0.9050480769230769 0.08173076923076923 0.15144230769230768
0 0.8810096153846154 0.9014423076923077 0.08413461538461539 0.1466346153846154
0 0.9603365384615384 0.8966346153846154 0.07451923076923077 0.14903846153846154
0 0.21394230769230768 0.9387019230769231 0.07211538461538461 0.11778846153846154
0 0.4639423076923077 0.9302884615384616 0.07692307692307693 0.1346153846153846
0 0.29447115384615385 0.9362980769230769 0.07451923076923077 0.12259615384615384
0 0.3798076923076923 0.9350961538461539 0.07692307692307693 0.125
0 0.12620192307692307 0.9471153846153846 0.06971153846153846 0.10096153846153846
0 0.052884615384615384 0.9507211538461539 0.052884615384615384 0.09375