0 0.7512019230769231 0.7824519230769231 0.2091346153846154 0.05048076923076923
0 0.7451923076923077 0.09134615384615384 0.22115384615384615 0.0673076923076923
0 0.7439903846153846 0.6081730769230769 0.20432692307692307 0.052884615384615384
0 0.7439903846153846 0.6935096153846154 0.21394230769230768 0.06009615384615385
0 0.7439903846153846 0.8677884615384616 0.22355769230769232 0.057692307692307696
0 0.7415865384615384 0.26802884615384615 0.21875 0.055288461538461536
0 0.7415865384615384 0.3473557692307692 0.2091346153846154 0.05048076923076923
0 0.7415865384615384 0.5216346153846154 0.21394230769230768 0.052884615384615384
0 0.7415865384615384 0.9543269230769231 0.19951923076923078 0.052884615384615384
0 0.7403846153846154 0.4362980769230769 0.22115384615384615 0.06009615384615385
0 0.7403846153846154 0.021634615384615384 0.22596153846153846 0.038461538461538464
0 0.7379807692307693 0.18509615384615385 0.22596153846153846 0.052884615384615384
0 0.39663461538461536 0.1045673076923077 0.22115384615384615 0.06490384615384616
0 0.3918269230769231 0.6213942307692307 0.22596153846153846 0.05048076923076923
0 0.390625 0.7067307692307693 0.21875 0.04807692307692308
0 0.390625 0.027644230769230768 0.21875 0.05048076923076923
0 0.3894230769230769 0.19230769230769232 0.23557692307692307 0.057692307692307696
0 0.3870192307692308 0.7860576923076923 0.2403846153846154 0.07211538461538461
0 0.3858173076923077 0.2764423076923077 0.23798076923076922 0.052884615384615384
0 0.38461538461538464 0.5288461538461539 0.24519230769230768 0.0673076923076923
0 0.38341346153846156 0.359375 0.25721153846153844 0.06009615384615385
0 0.3798076923076923 0.4483173076923077 0.24519230769230768 0.06009615384615385
0 0.3786057692307692 0.8786057692307693 0.24759615384615385 0.06490384615384616
0 0.375 0.9663461538461539 0.25961538461538464 0.057692307692307696
0 0.12379807692307693 0.6129807692307693 0.20432692307692307 0.057692307692307696
0 0.12379807692307693 0.53125 0.24278846153846154 0.052884615384615384
0 0.11899038461538461 0.7872596153846154 0.22355769230769232 0.05048076923076923
0 0.1141826923076923 0.9543269230769231 0.22355769230769232 0.0673076923076923
0 0.11177884615384616 0.44591346153846156 0.21875 0.055288461538461536
0 0.11057692307692307 0.8689903846153846 0.21634615384615385 0.06490384615384616
0 0.10817307692307693 0.028846153846153848 0.21153846153846154 0.052884615384615384
0 0.10576923076923077 0.18870192307692307 0.20673076923076922 0.055288461538461536
0 0.10336538461538461 0.3605769230769231 0.1971153846153846 0.057692307692307696
0 0.10216346153846154 0.10336538461538461 0.19951923076923078 0.057692307692307696
0 0.09735576923076923 0.27403846153846156 0.18509615384615385 0.057692307692307696
0 0.09134615384615384 0.6959134615384616 0.1778846153846154 0.055288461538461536