0 0.055288461538461536 0.3425480769230769 0.11057692307692307 0.07451923076923077
0 0.057692307692307696 0.43028846153846156 0.11538461538461539 0.07692307692307693
0 0.6911057692307693 0.640625 0.22355769230769232 0.0673076923076923
0 0.7091346153846154 0.890625 0.24759615384615385 0.08413461538461539
0 0.6959134615384616 0.8064903846153846 0.24759615384615385 0.08173076923076923
0 0.6418269230769231 0.12379807692307693 0.2548076923076923 0.07932692307692307
0 0.6490384615384616 0.2091346153846154 0.24519230769230768 0.07211538461538461
0 0.6346153846153846 0.038461538461538464 0.2644230769230769 0.07692307692307693
0 0.6742788461538461 0.7235576923076923 0.27403846153846156 0.08173076923076923
0 0.6394230769230769 0.38100961538461536 0.27884615384615385 0.07932692307692307
0 0.39302884615384615 0.49038461538461536 0.29086538461538464 0.07211538461538461
0 0.41346153846153844 0.9735576923076923 0.2692307692307692 0.04807692307692308
0 0.35096153846153844 0.14543269230769232 0.25961538461538464 0.07211538461538461
0 0.40625 0.9206730769230769 0.2668269230769231 0.07692307692307693
0 0.3545673076923077 0.23557692307692307 0.2668269230769231 0.08173076923076923
0 0.3918269230769231 0.7463942307692307 0.24759615384615385 0.07451923076923077
0 0.36658653846153844 0.6610576923076923 0.22355769230769232 0.07211538461538461