0 0.4579326923076923 0.7103365384615384 0.07692307692307693 0.2283653846153846
0 0.6322115384615384 0.7175480769230769 0.07451923076923077 0.22355769230769232
0 0.8846153846153846 0.7403846153846154 0.09375 0.24278846153846154
0 0.9591346153846154 0.7439903846153846 0.06009615384615385 0.2548076923076923
0 0.8004807692307693 0.7295673076923077 0.08413461538461539 0.24519230769230768
0 0.29086538461538464 0.6802884615384616 0.07451923076923077 0.24278846153846154
0 0.5480769230769231 0.6995192307692307 0.07932692307692307 0.25961538461538464
0 0.12139423076923077 0.6622596153846154 0.0889423076923077 0.2548076923076923
0 0.203125 0.6670673076923077 0.07932692307692307 0.25
0 0.038461538461538464 0.6514423076923077 0.07692307692307693 0.2644230769230769
0 0.7163461538461539 0.7067307692307693 0.09134615384615384 0.27403846153846156
0 0.375 0.6742788461538461 0.08413461538461539 0.27884615384615385
0 0.49038461538461536 0.4170673076923077 0.08413461538461539 0.2980769230769231
0 0.5745192307692307 0.421875 0.07692307692307693 0.2764423076923077
0 0.9723557692307693 0.4483173076923077 0.05048076923076923 0.27163461538461536
0 0.05889423076923077 0.3629807692307692 0.07932692307692307 0.25
0 0.40384615384615385 0.390625 0.07932692307692307 0.25
0 0.31971153846153844 0.38100961538461536 0.07451923076923077 0.25
0 0.23557692307692307 0.37259615384615385 0.08653846153846154 0.27884615384615385
0 0.9206730769230769 0.43149038461538464 0.07451923076923077 0.2620192307692308
0 0.7403846153846154 0.41466346153846156 0.08173076923076923 0.25961538461538464
0 0.6586538461538461 0.39302884615384615 0.07692307692307693 0.22115384615384615
0 0.1466346153846154 0.34615384615384615 0.07692307692307693 0.22596153846153846
0 0.8329326923076923 0.40384615384615385 0.08413461538461539 0.2403846153846154
0 0.3485576923076923 0.0673076923076923 0.08173076923076923 0.1346153846153846
0 0.4375 0.07091346153846154 0.08173076923076923 0.14182692307692307
0 0.09014423076923077 0.051682692307692304 0.08413461538461539 0.10336538461538461
0 0.2668269230769231 0.05889423076923077 0.08173076923076923 0.11778846153846154
0 0.1778846153846154 0.052884615384615384 0.07692307692307693 0.10576923076923077