0 0.5396634615384616 0.7223557692307693 0.07692307692307693 0.2668269230769231
0 0.4567307692307692 0.7079326923076923 0.07932692307692307 0.2764423076923077
0 0.9495192307692307 0.7475961538461539 0.07692307692307693 0.2668269230769231
0 0.03365384615384615 0.6658653846153846 0.0673076923076923 0.25
0 0.28846153846153844 0.6838942307692307 0.07932692307692307 0.25961538461538464
0 0.3737980769230769 0.6911057692307693 0.07692307692307693 0.24519230769230768
0 0.7091346153846154 0.7211538461538461 0.07692307692307693 0.25
0 0.875 0.734375 0.09134615384615384 0.27163461538461536
0 0.203125 0.6754807692307693 0.0889423076923077 0.2764423076923077
0 0.625 0.6959134615384616 0.07692307692307693 0.21875
0 0.11177884615384616 0.6502403846153846 0.07451923076923077 0.22355769230769232
0 0.7944711538461539 0.7079326923076923 0.07451923076923077 0.2283653846153846
0 0.22956730769230768 0.30408653846153844 0.07692307692307693 0.2283653846153846
0 0.14783653846153846 0.28966346153846156 0.10096153846153846 0.24759615384615385
0 0.057692307692307696 0.27884615384615385 0.08173076923076923 0.24278846153846154
0 0.32211538461538464 0.28966346153846156 0.08413461538461539 0.29086538461538464
0 0.4110576923076923 0.2956730769230769 0.08413461538461539 0.2956730769230769