0 0.4230769230769231 0.055288461538461536 0.22115384615384615 0.07211538461538461
0 0.4338942307692308 0.23076923076923078 0.2644230769230769 0.07451923076923077
0 0.4387019230769231 0.14543269230769232 0.2283653846153846 0.07211538461538461
0 0.4735576923076923 0.8209134615384616 0.22355769230769232 0.08173076923076923
0 0.484375 0.9735576923076923 0.22355769230769232 0.04807692307692308
0 0.4807692307692308 0.9038461538461539 0.2283653846153846 0.07692307692307693
0 0.4675480769230769 0.5637019230769231 0.24759615384615385 0.07932692307692307
0 0.4723557692307692 0.6466346153846154 0.20673076923076922 0.06971153846153846
0 0.46634615384615385 0.48197115384615385 0.22596153846153846 0.06971153846153846
0 0.46274038461538464 0.4050480769230769 0.23076923076923078 0.0673076923076923
0 0.48197115384615385 0.734375 0.20192307692307693 0.0673076923076923
0 0.4699519230769231 0.3161057692307692 0.20673076923076922 0.07211538461538461
0 0.7932692307692307 0.38822115384615385 0.22596153846153846 0.06490384615384616
0 0.8329326923076923 0.8064903846153846 0.23557692307692307 0.07692307692307693
0 0.8076923076923077 0.22235576923076922 0.21394230769230768 0.07692307692307693
0 0.8353365384615384 0.71875 0.21153846153846154 0.06971153846153846
0 0.8161057692307693 0.30649038461538464 0.2403846153846154 0.07692307692307693
0 0.8257211538461539 0.4699519230769231 0.24759615384615385 0.07211538461538461
0 0.8052884615384616 0.052884615384615384 0.2644230769230769 0.07692307692307693
0 0.8533653846153846 0.9615384615384616 0.20673076923076922 0.040865384615384616
0 0.8185096153846154 0.1346153846153846 0.21153846153846154 0.06971153846153846
0 0.8581730769230769 0.8918269230769231 0.2403846153846154 0.0673076923076923
0 0.8557692307692307 0.5504807692307693 0.21153846153846154 0.0673076923076923
0 0.22716346153846154 0.9867788461538461 0.11298076923076923 0.021634615384615384
0 0.19951923076923078 0.4098557692307692 0.11298076923076923 0.057692307692307696
0 0.1971153846153846 0.32091346153846156 0.12259615384615384 0.06009615384615385
0 0.22956730769230768 0.9206730769230769 0.11057692307692307 0.0625
0 0.19591346153846154 0.23677884615384615 0.12980769230769232 0.06971153846153846
0 0.2247596153846154 0.7487980769230769 0.13221153846153846 0.0673076923076923
0 0.19471153846153846 0.15384615384615385 0.13942307692307693 0.0625
0 0.23076923076923078 0.8353365384615384 0.13221153846153846 0.057692307692307696
0 0.1935096153846154 0.0673076923076923 0.13221153846153846 0.0673076923076923
0 0.22115384615384615 0.5757211538461539 0.14903846153846154 0.057692307692307696
0 0.22716346153846154 0.6634615384615384 0.13221153846153846 0.06490384615384616
0 0.21875 0.49399038461538464 0.15384615384615385 0.07211538461538461