0 0.6213942307692307 0.028846153846153848 0.06009615384615385 0.057692307692307696
0 0.8413461538461539 0.7944711538461539 0.04807692307692308 0.06971153846153846
0 0.24519230769230768 0.8329326923076923 0.06009615384615385 0.0673076923076923
0 0.6730769230769231 0.7992788461538461 0.052884615384615384 0.07932692307692307
0 0.5889423076923077 0.8004807692307693 0.052884615384615384 0.08653846153846154
0 0.5036057692307693 0.8064903846153846 0.05048076923076923 0.08173076923076923
0 0.06610576923076923 0.6502403846153846 0.07211538461538461 0.2403846153846154
0 0.49038461538461536 0.6117788461538461 0.08413461538461539 0.25961538461538464
0 0.23677884615384615 0.6274038461538461 0.08413461538461539 0.27403846153846156
0 0.9134615384615384 0.5757211538461539 0.07692307692307693 0.23798076923076922
0 0.5721153846153846 0.5985576923076923 0.07451923076923077 0.25721153846153844
0 0.8233173076923077 0.578125 0.07451923076923077 0.24278846153846154
0 0.65625 0.5877403846153846 0.07211538461538461 0.23317307692307693
0 0.9759615384615384 0.5612980769230769 0.04326923076923077 0.25240384615384615
0 0.32091346153846156 0.6009615384615384 0.0673076923076923 0.22115384615384615
0 0.7427884615384616 0.5685096153846154 0.0673076923076923 0.21634615384615385
0 0.3918269230769231 0.2644230769230769 0.07692307692307693 0.21634615384615385
0 0.22355769230769232 0.2668269230769231 0.07692307692307693 0.23076923076923078
0 0.30649038461538464 0.25600961538461536 0.07932692307692307 0.25
0 0.7235576923076923 0.22115384615384615 0.07451923076923077 0.23317307692307693
0 0.9591346153846154 0.20072115384615385 0.055288461538461536 0.23317307692307693
0 0.47475961538461536 0.23677884615384615 0.07932692307692307 0.2644230769230769
0 0.8076923076923077 0.2091346153846154 0.07451923076923077 0.25240384615384615
0 0.140625 0.2548076923076923 0.08653846153846154 0.25961538461538464
0 0.6322115384615384 0.21995192307692307 0.09134615384615384 0.2620192307692308
0 0.8930288461538461 0.20192307692307693 0.06971153846153846 0.23557692307692307
0 0.5528846153846154 0.22115384615384615 0.07692307692307693 0.2620192307692308