0 0.03245192307692308 0.43149038461538464 0.06490384615384616 0.21875
0 0.7055288461538461 0.47596153846153844 0.07211538461538461 0.2283653846153846
0 0.10697115384615384 0.4338942307692308 0.07692307692307693 0.22596153846153846
0 0.6177884615384616 0.46875 0.06971153846153846 0.23557692307692307
0 0.7884615384615384 0.4807692307692308 0.09375 0.23798076923076922
0 0.27884615384615385 0.4423076923076923 0.07211538461538461 0.2403846153846154
0 0.1971153846153846 0.4362980769230769 0.07692307692307693 0.23798076923076922
0 0.8774038461538461 0.48197115384615385 0.08413461538461539 0.24759615384615385
0 0.36177884615384615 0.44350961538461536 0.07451923076923077 0.25961538461538464
0 0.5336538461538461 0.4543269230769231 0.08173076923076923 0.24519230769230768
0 0.9603365384615384 0.48197115384615385 0.07451923076923077 0.2620192307692308
0 0.45072115384615385 0.44350961538461536 0.07451923076923077 0.24759615384615385
0 0.96875 0.20552884615384615 0.057692307692307696 0.24759615384615385
0 0.5504807692307693 0.171875 0.07932692307692307 0.2932692307692308
0 0.8918269230769231 0.19110576923076922 0.07932692307692307 0.2644230769230769
0 0.46875 0.15625 0.07692307692307693 0.2692307692307692
0 0.6334134615384616 0.16826923076923078 0.07692307692307693 0.2548076923076923
0 0.8052884615384616 0.18028846153846154 0.08413461538461539 0.27163461538461536
0 0.051682692307692304 0.1310096153846154 0.06971153846153846 0.2620192307692308
0 0.38100961538461536 0.1466346153846154 0.07692307692307693 0.2403846153846154
0 0.21153846153846154 0.1310096153846154 0.07211538461538461 0.2548076923076923
0 0.12620192307692307 0.12379807692307693 0.07692307692307693 0.2403846153846154
0 0.7199519230769231 0.15504807692307693 0.06971153846153846 0.22596153846153846
0 0.2980769230769231 0.125 0.06971153846153846 0.22355769230769232
0 0.7596153846153846 0.8016826923076923 0.06490384615384616 0.14423076923076922
0 0.5841346153846154 0.7872596153846154 0.06490384615384616 0.1466346153846154
0 0.07211538461538461 0.7524038461538461 0.07211538461538461 0.14903846153846154
0 0.9302884615384616 0.8125 0.06490384615384616 0.1466346153846154
0 0.5 0.78125 0.0673076923076923 0.15144230769230768
0 0.33052884615384615 0.7680288461538461 0.07451923076923077 0.15384615384615385
0 0.24759615384615385 0.7608173076923077 0.0673076923076923 0.15144230769230768
0 0.671875 0.7908653846153846 0.0673076923076923 0.15625
0 0.84375 0.8028846153846154 0.07451923076923077 0.15625
0 0.41466346153846156 0.7716346153846154 0.06971153846153846 0.15865384615384615
0 0.1622596153846154 0.7524038461538461 0.0673076923076923 0.16105769230769232
0 0.014423076923076924 0.7415865384615384 0.028846153846153848 0.16105769230769232