0 0.5 0.8197115384615384 0.055288461538461536 0.06971153846153846
0 0.7487980769230769 0.8052884615384616 0.0625 0.06490384615384616
0 0.6586538461538461 0.5408653846153846 0.06490384615384616 0.22115384615384615
0 0.9170673076923077 0.5240384615384616 0.0673076923076923 0.24759615384615385
0 0.9771634615384616 0.5252403846153846 0.040865384615384616 0.2620192307692308
0 0.828125 0.5216346153846154 0.07451923076923077 0.24278846153846154
0 0.2283653846153846 0.5480769230769231 0.07451923076923077 0.25240384615384615
0 0.06009615384615385 0.5564903846153846 0.07692307692307693 0.2620192307692308
0 0.14182692307692307 0.5528846153846154 0.07932692307692307 0.25240384615384615
0 0.7439903846153846 0.5084134615384616 0.07692307692307693 0.2668269230769231
0 0.39302884615384615 0.39783653846153844 0.09375 0.49759615384615385
0 0.5637019230769231 0.3737980769230769 0.08653846153846154 0.4831730769230769
0 0.47596153846153844 0.2620192307692308 0.0673076923076923 0.2932692307692308
0 0.21754807692307693 0.25721153846153844 0.07692307692307693 0.27163461538461536
0 0.7283653846153846 0.2283653846153846 0.06971153846153846 0.24759615384615385
0 0.12620192307692307 0.2548076923076923 0.07211538461538461 0.25721153846153844
0 0.640625 0.21634615384615385 0.0673076923076923 0.22355769230769232