0 0.5264423076923077 0.2956730769230769 0.06490384615384616 0.2932692307692308
0 0.44350961538461536 0.30649038461538464 0.0625 0.3076923076923077
0 0.038461538461538464 0.3137019230769231 0.055288461538461536 0.25
0 0.9651442307692307 0.33052884615384615 0.0625 0.2403846153846154
0 0.6141826923076923 0.3245192307692308 0.0673076923076923 0.24519230769230768
0 0.6971153846153846 0.33052884615384615 0.0625 0.25
0 0.10216346153846154 0.31971153846153844 0.057692307692307696 0.2548076923076923
0 0.7836538461538461 0.33413461538461536 0.0673076923076923 0.2644230769230769
0 0.2764423076923077 0.328125 0.0625 0.25
0 0.875 0.3473557692307692 0.0625 0.22596153846153846
0 0.18990384615384615 0.33774038461538464 0.057692307692307696 0.22596153846153846
0 0.3629807692307692 0.3425480769230769 0.0625 0.21394230769230768
0 0.4987980769230769 0.5372596153846154 0.9975961538461539 0.8725961538461539
0 0.78125 0.6995192307692307 0.06009615384615385 0.22115384615384615
0 0.9579326923076923 0.7163461538461539 0.0673076923076923 0.23798076923076922
0 0.8737980769230769 0.7127403846153846 0.07211538461538461 0.24519230769230768
0 0.6959134615384616 0.7271634615384616 0.0625 0.28365384615384615
0 0.6045673076923077 0.7307692307692307 0.0625 0.2932692307692308