0 0.8064903846153846 0.06971153846153846 0.0625 0.11538461538461539
0 0.96875 0.07451923076923077 0.057692307692307696 0.11538461538461539
0 0.6358173076923077 0.06009615384615385 0.07211538461538461 0.10817307692307693
0 0.8834134615384616 0.06610576923076923 0.07692307692307693 0.10817307692307693
0 0.04807692307692308 0.04567307692307692 0.0625 0.09134615384615384
0 0.21153846153846154 0.04326923076923077 0.057692307692307696 0.08653846153846154
0 0.3798076923076923 0.04567307692307692 0.0625 0.09134615384615384
0 0.125 0.038461538461538464 0.0625 0.07692307692307693
0 0.7151442307692307 0.04567307692307692 0.06490384615384616 0.07451923076923077
0 0.2932692307692308 0.03365384615384615 0.0625 0.0673076923076923
0 0.014423076923076924 0.7512019230769231 0.028846153846153848 0.07932692307692307
0 0.1814903846153846 0.6490384615384616 0.06490384615384616 0.2932692307692308
0 0.08653846153846154 0.6358173076923077 0.07211538461538461 0.28365384615384615
0 0.9471153846153846 0.6646634615384616 0.06490384615384616 0.25240384615384615
0 0.6045673076923077 0.6502403846153846 0.057692307692307696 0.2283653846153846
0 0.2644230769230769 0.6358173076923077 0.0673076923076923 0.25240384615384615
0 0.859375 0.6550480769230769 0.07451923076923077 0.25721153846153844
0 0.7788461538461539 0.6478365384615384 0.0625 0.24519230769230768
0 0.3473557692307692 0.6322115384615384 0.0625 0.22355769230769232
0 0.6899038461538461 0.6418269230769231 0.0625 0.24759615384615385
0 0.5144230769230769 0.6262019230769231 0.06009615384615385 0.21153846153846154
0 0.43509615384615385 0.6189903846153846 0.0625 0.22596153846153846
0 0.7163461538461539 0.2932692307692308 0.06490384615384616 0.2283653846153846
0 0.2848557692307692 0.2776442307692308 0.057692307692307696 0.22115384615384615
0 0.6298076923076923 0.28725961538461536 0.06009615384615385 0.22596153846153846
0 0.11658653846153846 0.2692307692307692 0.06971153846153846 0.22596153846153846
0 0.037259615384615384 0.2620192307692308 0.06009615384615385 0.21875
0 0.7932692307692307 0.2860576923076923 0.07692307692307693 0.24759615384615385
0 0.20072115384615385 0.26322115384615385 0.06490384615384616 0.23798076923076922
0 0.3713942307692308 0.265625 0.0673076923076923 0.25961538461538464
0 0.5420673076923077 0.2704326923076923 0.07692307692307693 0.25721153846153844
0 0.8786057692307693 0.2824519230769231 0.09134615384615384 0.2620192307692308
0 0.4579326923076923 0.2668269230769231 0.0673076923076923 0.25961538461538464
0 0.9699519230769231 0.28365384615384615 0.055288461538461536 0.2644230769230769