0 0.6358173076923077 0.75 0.055288461538461536 0.18509615384615385
0 0.8125 0.7560096153846154 0.0625 0.21394230769230768
0 0.125 0.7283653846153846 0.07211538461538461 0.23557692307692307
0 0.9735576923076923 0.7536057692307693 0.038461538461538464 0.21394230769230768
0 0.20793269230769232 0.7295673076923077 0.06490384615384616 0.23076923076923078
0 0.037259615384615384 0.7223557692307693 0.06490384615384616 0.23798076923076922
0 0.5540865384615384 0.7367788461538461 0.0673076923076923 0.22596153846153846
0 0.7283653846153846 0.7355769230769231 0.0625 0.2403846153846154
0 0.4807692307692308 0.47115384615384615 0.06490384615384616 0.2932692307692308
0 0.31009615384615385 0.45913461538461536 0.0625 0.24278846153846154
0 0.9735576923076923 0.4723557692307692 0.04807692307692308 0.2668269230769231
0 0.3954326923076923 0.4519230769230769 0.06009615384615385 0.2403846153846154
0 0.7319711538461539 0.4579326923076923 0.0673076923076923 0.25240384615384615
0 0.22596153846153846 0.4387019230769231 0.07451923076923077 0.27884615384615385
0 0.1346153846153846 0.42427884615384615 0.0673076923076923 0.23798076923076922
0 0.6502403846153846 0.43990384615384615 0.0673076923076923 0.21875
0 0.8185096153846154 0.43990384615384615 0.0673076923076923 0.22596153846153846
0 0.31971153846153844 0.09495192307692307 0.06971153846153846 0.18990384615384615
0 0.41346153846153844 0.09495192307692307 0.06971153846153846 0.18990384615384615
0 0.23317307692307693 0.09134615384615384 0.0673076923076923 0.18269230769230768
0 0.06009615384615385 0.0889423076923077 0.07211538461538461 0.1778846153846154