0 0.9615384615384616 0.6021634615384616 0.0673076923076923 0.06971153846153846
0 0.9543269230769231 0.8545673076923077 0.06009615384615385 0.06490384615384616
0 0.3858173076923077 0.2512019230769231 0.2283653846153846 0.07451923076923077
0 0.3737980769230769 0.7487980769230769 0.22355769230769232 0.0625
0 0.390625 0.33413461538461536 0.25240384615384615 0.06490384615384616
0 0.3737980769230769 0.8377403846153846 0.23557692307692307 0.06490384615384616
0 0.37740384615384615 0.921875 0.2283653846153846 0.06490384615384616
0 0.3918269230769231 0.4987980769230769 0.24759615384615385 0.07211538461538461
0 0.4074519230769231 0.1622596153846154 0.25961538461538464 0.0673076923076923
0 0.390625 0.6670673076923077 0.24759615384615385 0.07211538461538461
0 0.4014423076923077 0.5829326923076923 0.2620192307692308 0.0625
0 0.5216346153846154 0.5865384615384616 0.5072115384615384 0.08173076923076923
0 0.5649038461538461 0.5048076923076923 0.46875 0.07932692307692307
0 0.6766826923076923 0.6682692307692307 0.24759615384615385 0.07451923076923077
0 0.6887019230769231 0.33052884615384615 0.2668269230769231 0.07692307692307693
0 0.7067307692307693 0.16105769230769232 0.24278846153846154 0.06009615384615385
0 0.6995192307692307 0.41346153846153844 0.23076923076923078 0.06009615384615385