0 0.27283653846153844 0.2283653846153846 0.06971153846153846 0.18990384615384615
0 0.8605769230769231 0.25961538461538464 0.06971153846153846 0.1971153846153846
0 0.18629807692307693 0.2247596153846154 0.07451923076923077 0.19230769230769232
0 0.7776442307692307 0.25841346153846156 0.07211538461538461 0.20673076923076922
0 0.4387019230769231 0.24158653846153846 0.07211538461538461 0.2091346153846154
0 0.03485576923076923 0.21995192307692307 0.040865384615384616 0.19951923076923078
0 0.3581730769230769 0.2403846153846154 0.06971153846153846 0.19471153846153846
0 0.6911057692307693 0.25841346153846156 0.07211538461538461 0.20673076923076922
0 0.6057692307692307 0.2548076923076923 0.06490384615384616 0.2091346153846154
0 0.5240384615384616 0.25240384615384615 0.07692307692307693 0.21153846153846154
0 0.10096153846153846 0.22956730769230768 0.07692307692307693 0.21153846153846154
0 0.5793269230769231 0.5793269230769231 0.07211538461538461 0.21394230769230768
0 0.7463942307692307 0.5949519230769231 0.07692307692307693 0.2283653846153846
0 0.24759615384615385 0.5709134615384616 0.07211538461538461 0.22355769230769232
0 0.6610576923076923 0.5985576923076923 0.07451923076923077 0.24519230769230768
0 0.015625 0.5649038461538461 0.03125 0.22596153846153846
0 0.4987980769230769 0.5949519230769231 0.07692307692307693 0.25
0 0.07451923076923077 0.5745192307692307 0.06971153846153846 0.23798076923076922
0 0.15985576923076922 0.578125 0.07211538461538461 0.25240384615384615
0 0.9170673076923077 0.6201923076923077 0.07932692307692307 0.24759615384615385
0 0.3317307692307692 0.5913461538461539 0.06971153846153846 0.25
0 0.41466346153846156 0.5997596153846154 0.07211538461538461 0.2548076923076923
0 0.8305288461538461 0.6225961538461539 0.07451923076923077 0.25
0 0.49399038461538464 0.8665865384615384 0.07451923076923077 0.2644230769230769
0 0.9170673076923077 0.8786057692307693 0.07932692307692307 0.23798076923076922
0 0.1502403846153846 0.8509615384615384 0.07932692307692307 0.25961538461538464
0 0.40625 0.8665865384615384 0.07451923076923077 0.2548076923076923
0 0.013221153846153846 0.8521634615384616 0.026442307692307692 0.24759615384615385
0 0.3233173076923077 0.8713942307692307 0.07692307692307693 0.23798076923076922
0 0.07091346153846154 0.8653846153846154 0.07692307692307693 0.22355769230769232
0 0.23557692307692307 0.8774038461538461 0.07211538461538461 0.21634615384615385
0 0.5805288461538461 0.8942307692307693 0.08413461538461539 0.20673076923076922
0 0.7439903846153846 0.9002403846153846 0.07932692307692307 0.19471153846153846
0 0.6658653846153846 0.9002403846153846 0.07211538461538461 0.19471153846153846
0 0.8329326923076923 0.9098557692307693 0.07451923076923077 0.17548076923076922
0 0.953125 0.25721153846153844 0.07692307692307693 0.1778846153846154