0 0.9675480769230769 0.421875 0.06009615384615385 0.2956730769230769
0 0.8966346153846154 0.4266826923076923 0.07451923076923077 0.28125
0 0.8076923076923077 0.43149038461538464 0.07451923076923077 0.2956730769230769
0 0.04326923076923077 0.47596153846153844 0.06490384615384616 0.24278846153846154
0 0.38341346153846156 0.46153846153846156 0.0625 0.23076923076923078
0 0.21033653846153846 0.47716346153846156 0.06009615384615385 0.2283653846153846
0 0.13221153846153846 0.48197115384615385 0.07692307692307693 0.2548076923076923
0 0.7235576923076923 0.4519230769230769 0.06490384615384616 0.24759615384615385
0 0.6430288461538461 0.46033653846153844 0.0625 0.22596153846153846
0 0.3016826923076923 0.47836538461538464 0.06009615384615385 0.23557692307692307
0 0.4723557692307692 0.47836538461538464 0.06009615384615385 0.21634615384615385
0 0.5576923076923077 0.47836538461538464 0.0673076923076923 0.21634615384615385
0 0.7355769230769231 0.8040865384615384 0.06490384615384616 0.22115384615384615
0 0.3894230769230769 0.8257211538461539 0.06490384615384616 0.2283653846153846
0 0.30288461538461536 0.8341346153846154 0.06490384615384616 0.23076923076923078
0 0.90625 0.8076923076923077 0.07451923076923077 0.22596153846153846
0 0.9747596153846154 0.8088942307692307 0.04567307692307692 0.2283653846153846
0 0.8197115384615384 0.8149038461538461 0.06971153846153846 0.24278846153846154
0 0.22596153846153846 0.8497596153846154 0.07692307692307693 0.24519230769230768
0 0.4807692307692308 0.8377403846153846 0.07932692307692307 0.2620192307692308
0 0.5637019230769231 0.8353365384615384 0.07692307692307693 0.25961538461538464
0 0.04927884615384615 0.8617788461538461 0.07211538461538461 0.2644230769230769
0 0.6514423076923077 0.8317307692307693 0.07451923076923077 0.2668269230769231
0 0.13221153846153846 0.8629807692307693 0.07451923076923077 0.25721153846153844
0 0.11538461538461539 0.21995192307692307 0.06009615384615385 0.11538461538461539
0 0.030048076923076924 0.2247596153846154 0.057692307692307696 0.11057692307692307
0 0.19951923076923078 0.22115384615384615 0.06009615384615385 0.1201923076923077
0 0.36778846153846156 0.2127403846153846 0.04326923076923077 0.12740384615384615
0 0.7980769230769231 0.19110576923076922 0.0625 0.12259615384615384
0 0.7115384615384616 0.19831730769230768 0.0625 0.12980769230769232
0 0.9579326923076923 0.19471153846153846 0.055288461538461536 0.1466346153846154
0 0.4519230769230769 0.21995192307692307 0.06490384615384616 0.14423076923076922
0 0.8822115384615384 0.19831730769230768 0.0625 0.15144230769230768
0 0.5384615384615384 0.21754807692307693 0.05048076923076923 0.14423076923076922
0 0.29086538461538464 0.23677884615384615 0.07451923076923077 0.16105769230769232
0 0.6310096153846154 0.2283653846153846 0.06009615384615385 0.18028846153846154