0 0.17548076923076922 0.7932692307692307 0.04807692307692308 0.09134615384615384
0 0.09134615384615384 0.7788461538461539 0.04807692307692308 0.12259615384615384
0 0.02283653846153846 0.7764423076923077 0.04567307692307692 0.1201923076923077
0 0.4338942307692308 0.7920673076923077 0.04807692307692308 0.1201923076923077
0 0.5168269230769231 0.7920673076923077 0.0625 0.12740384615384615
0 0.34615384615384615 0.7680288461538461 0.057692307692307696 0.14903846153846154
0 0.18509615384615385 0.5661057692307693 0.0673076923076923 0.2956730769230769
0 0.6081730769230769 0.578125 0.06009615384615385 0.23317307692307693
0 0.9519230769230769 0.5829326923076923 0.0673076923076923 0.24759615384615385
0 0.2704326923076923 0.5540865384615384 0.06490384615384616 0.24759615384615385
0 0.8605769230769231 0.5757211538461539 0.07211538461538461 0.25240384615384615
0 0.7836538461538461 0.5685096153846154 0.06009615384615385 0.23557692307692307
0 0.6935096153846154 0.5649038461538461 0.057692307692307696 0.2283653846153846
0 0.35216346153846156 0.5432692307692307 0.06490384615384616 0.23798076923076922
0 0.5216346153846154 0.5456730769230769 0.0625 0.22596153846153846
0 0.44350961538461536 0.5264423076923077 0.07211538461538461 0.24759615384615385
0 0.6334134615384616 0.21634615384615385 0.057692307692307696 0.21875
0 0.7211538461538461 0.21153846153846154 0.06490384615384616 0.2283653846153846
0 0.28966346153846156 0.19471153846153846 0.06009615384615385 0.2283653846153846
0 0.12139423076923077 0.18870192307692307 0.06971153846153846 0.22355769230769232
0 0.038461538461538464 0.1778846153846154 0.0625 0.21875
0 0.20793269230769232 0.18389423076923078 0.06490384615384616 0.24278846153846154
0 0.8076923076923077 0.203125 0.07211538461538461 0.24278846153846154
0 0.8846153846153846 0.20673076923076922 0.08173076923076923 0.2403846153846154
0 0.9675480769230769 0.2091346153846154 0.06009615384615385 0.25961538461538464
0 0.3737980769230769 0.18028846153846154 0.0673076923076923 0.2620192307692308
0 0.46274038461538464 0.1814903846153846 0.0673076923076923 0.25240384615384615
0 0.5444711538461539 0.18509615384615385 0.07211538461538461 0.2644230769230769