0 0.020432692307692308 0.24879807692307693 0.03125 0.22115384615384615
0 0.0829326923076923 0.25721153846153844 0.057692307692307696 0.23557692307692307
0 0.5985576923076923 0.26802884615384615 0.06009615384615385 0.24519230769230768
0 0.6814903846153846 0.2764423076923077 0.0673076923076923 0.23798076923076922
0 0.5108173076923077 0.27403846153846156 0.0625 0.25
0 0.8521634615384616 0.2824519230769231 0.0625 0.2548076923076923
0 0.7632211538461539 0.2824519230769231 0.0625 0.2283653846153846
0 0.16826923076923078 0.27403846153846156 0.06009615384615385 0.22355769230769232
0 0.4254807692307692 0.28125 0.06009615384615385 0.23798076923076922
0 0.25961538461538464 0.2776442307692308 0.06009615384615385 0.2283653846153846
0 0.3389423076923077 0.28125 0.06971153846153846 0.2403846153846154
0 0.9350961538461539 0.29086538461538464 0.06490384615384616 0.25
0 0.5072115384615384 0.6322115384615384 0.0673076923076923 0.23557692307692307
0 0.3329326923076923 0.6358173076923077 0.06009615384615385 0.22355769230769232
0 0.08052884615384616 0.6322115384615384 0.06971153846153846 0.2403846153846154
0 0.016826923076923076 0.6334134615384616 0.03365384615384615 0.25721153846153844
0 0.6778846153846154 0.6454326923076923 0.057692307692307696 0.25
0 0.1622596153846154 0.6394230769230769 0.06971153846153846 0.23798076923076922
0 0.7680288461538461 0.6550480769230769 0.06971153846153846 0.24278846153846154
0 0.9362980769230769 0.6598557692307693 0.06490384615384616 0.25721153846153844
0 0.8485576923076923 0.6622596153846154 0.07211538461538461 0.25
0 0.4206730769230769 0.6598557692307693 0.07211538461538461 0.23076923076923078
0 0.5949519230769231 0.6634615384615384 0.06971153846153846 0.2764423076923077
0 0.25 0.6574519230769231 0.0673076923076923 0.2620192307692308
0 0.49759615384615385 0.8894230769230769 0.057692307692307696 0.21634615384615385
0 0.41225961538461536 0.8966346153846154 0.07211538461538461 0.19951923076923078
0 0.7572115384615384 0.90625 0.0625 0.18269230769230768
0 0.013221153846153846 0.8954326923076923 0.026442307692307692 0.18990384615384615
0 0.06850961538461539 0.8990384615384616 0.057692307692307696 0.18269230769230768
0 0.2439903846153846 0.9026442307692307 0.057692307692307696 0.17067307692307693
0 0.5853365384615384 0.9098557692307693 0.0673076923076923 0.1778846153846154
0 0.6730769230769231 0.9122596153846154 0.07211538461538461 0.17067307692307693
0 0.9362980769230769 0.9146634615384616 0.06009615384615385 0.1658653846153846
0 0.3293269230769231 0.9230769230769231 0.06009615384615385 0.14423076923076922
0 0.16105769230769232 0.921875 0.06971153846153846 0.13942307692307693
0 0.8473557692307693 0.9314903846153846 0.06490384615384616 0.13221153846153846