0 0.10817307692307693 0.5552884615384616 0.07211538461538461 0.22596153846153846
0 0.03125 0.5612980769230769 0.06009615384615385 0.21634615384615385
0 0.6189903846153846 0.5420673076923077 0.06009615384615385 0.22355769230769232
0 0.7067307692307693 0.5408653846153846 0.057692307692307696 0.2283653846153846
0 0.27884615384615385 0.5576923076923077 0.06490384615384616 0.23798076923076922
0 0.875 0.5384615384615384 0.07932692307692307 0.25
0 0.19471153846153846 0.5673076923076923 0.06490384615384616 0.2403846153846154
0 0.3629807692307692 0.5625 0.07211538461538461 0.2668269230769231
0 0.7896634615384616 0.5480769230769231 0.06971153846153846 0.24759615384615385
0 0.4495192307692308 0.5625 0.0673076923076923 0.24759615384615385
0 0.5324519230769231 0.5588942307692307 0.07451923076923077 0.25240384615384615
0 0.9663461538461539 0.5504807692307693 0.0625 0.27403846153846156
0 0.6201923076923077 0.8088942307692307 0.0625 0.18990384615384615
0 0.9639423076923077 0.8233173076923077 0.0673076923076923 0.24759615384615385
0 0.5396634615384616 0.8389423076923077 0.06490384615384616 0.28365384615384615
0 0.8762019230769231 0.8317307692307693 0.06971153846153846 0.25
0 0.36899038461538464 0.8521634615384616 0.0625 0.23557692307692307
0 0.45552884615384615 0.8485576923076923 0.06490384615384616 0.2644230769230769
0 0.037259615384615384 0.8665865384615384 0.06009615384615385 0.2644230769230769
0 0.7932692307692307 0.8401442307692307 0.0673076923076923 0.2644230769230769
0 0.11899038461538461 0.8701923076923077 0.07451923076923077 0.2548076923076923
0 0.20432692307692307 0.8689903846153846 0.06971153846153846 0.25240384615384615
0 0.7091346153846154 0.859375 0.0625 0.22596153846153846
0 0.28846153846153844 0.875 0.0625 0.2283653846153846
0 0.08052884615384616 0.234375 0.06009615384615385 0.14903846153846154
0 0.59375 0.21875 0.0625 0.15384615384615385
0 0.7788461538461539 0.21514423076923078 0.057692307692307696 0.14423076923076922
0 0.9387019230769231 0.2091346153846154 0.06009615384615385 0.14423076923076922
0 0.4230769230769231 0.2283653846153846 0.057692307692307696 0.1658653846153846
0 0.6838942307692307 0.22115384615384615 0.06490384615384616 0.15865384615384615
0 0.25600961538461536 0.23798076923076922 0.06009615384615385 0.16346153846153846
0 0.3401442307692308 0.23557692307692307 0.06009615384615385 0.16346153846153846
0 0.019230769230769232 0.24759615384615385 0.038461538461538464 0.16826923076923078
0 0.5120192307692307 0.23197115384615385 0.052884615384615384 0.15384615384615385
0 0.17067307692307693 0.2439903846153846 0.057692307692307696 0.1658653846153846
0 0.8533653846153846 0.22235576923076922 0.0673076923076923 0.16346153846153846