0 0.3137019230769231 0.5144230769230769 0.3004807692307692 0.07211538461538461
0 0.359375 0.028846153846153848 0.2668269230769231 0.057692307692307696
0 0.3581730769230769 0.09014423076923077 0.2620192307692308 0.07211538461538461
0 0.3317307692307692 0.6021634615384616 0.24519230769230768 0.06971153846153846
0 0.3112980769230769 0.9495192307692307 0.25961538461538464 0.08173076923076923
0 0.328125 0.7704326923076923 0.27403846153846156 0.07692307692307693
0 0.3557692307692308 0.2644230769230769 0.25240384615384615 0.0673076923076923
0 0.33413461538461536 0.8617788461538461 0.2283653846153846 0.06971153846153846
0 0.3629807692307692 0.34975961538461536 0.21394230769230768 0.0673076923076923
0 0.38461538461538464 0.1814903846153846 0.24759615384615385 0.07932692307692307
0 0.6959134615384616 0.796875 0.21875 0.06971153846153846
0 0.7043269230769231 0.8810096153846154 0.25 0.0889423076923077
0 0.6995192307692307 0.9663461538461539 0.24519230769230768 0.0625
0 0.7319711538461539 0.6201923076923077 0.29086538461538464 0.07211538461538461
0 0.7247596153846154 0.7103365384615384 0.2860576923076923 0.07451923076923077