0 0.484375 0.5276442307692307 0.06490384615384616 0.23798076923076922
0 0.9819711538461539 0.5300480769230769 0.03125 0.25240384615384615
0 0.9146634615384616 0.5288461538461539 0.06009615384615385 0.2403846153846154
0 0.6574519230769231 0.5204326923076923 0.055288461538461536 0.21875
0 0.8305288461538461 0.5228365384615384 0.06490384615384616 0.2403846153846154
0 0.3125 0.5108173076923077 0.057692307692307696 0.22596153846153846
0 0.5709134615384616 0.5120192307692307 0.06009615384615385 0.24759615384615385
0 0.2247596153846154 0.5036057692307693 0.06490384615384616 0.24278846153846154
0 0.057692307692307696 0.4987980769230769 0.07211538461538461 0.25240384615384615
0 0.14182692307692307 0.5 0.07211538461538461 0.24759615384615385
0 0.7439903846153846 0.5012019230769231 0.06971153846153846 0.2668269230769231
0 0.39783653846153844 0.49399038461538464 0.06009615384615385 0.27403846153846156
0 0.49278846153846156 0.23317307692307693 0.057692307692307696 0.2932692307692308
0 0.5745192307692307 0.22956730769230768 0.0673076923076923 0.27884615384615385
0 0.9182692307692307 0.22716346153846154 0.0673076923076923 0.24278846153846154
0 0.9831730769230769 0.22716346153846154 0.028846153846153848 0.27163461538461536
0 0.056490384615384616 0.20552884615384615 0.06490384615384616 0.24759615384615385
0 0.4074519230769231 0.21033653846153846 0.06009615384615385 0.25
0 0.31971153846153844 0.20673076923076922 0.0625 0.25240384615384615
0 0.7463942307692307 0.21514423076923078 0.06009615384615385 0.24759615384615385
0 0.234375 0.20552884615384615 0.06971153846153846 0.2668269230769231
0 0.8317307692307693 0.20192307692307693 0.0625 0.21875
0 0.6634615384615384 0.19591346153846154 0.057692307692307696 0.22355769230769232
0 0.1466346153846154 0.18389423076923078 0.06009615384615385 0.22596153846153846
0 0.9086538461538461 0.8245192307692307 0.0673076923076923 0.07211538461538461
0 0.39302884615384615 0.8112980769230769 0.06009615384615385 0.08413461538461539
0 0.3088942307692308 0.8088942307692307 0.06009615384615385 0.08653846153846154
0 0.2247596153846154 0.8076923076923077 0.055288461538461536 0.08653846153846154
0 0.8233173076923077 0.8137019230769231 0.055288461538461536 0.08173076923076923
0 0.13822115384615385 0.8016826923076923 0.0625 0.09615384615384616
0 0.4795673076923077 0.8040865384615384 0.0625 0.0889423076923077
0 0.056490384615384616 0.796875 0.057692307692307696 0.0985576923076923
0 0.6454326923076923 0.8064903846153846 0.0673076923076923 0.10336538461538461
0 0.7307692307692307 0.8076923076923077 0.06490384615384616 0.08413461538461539
0 0.5673076923076923 0.8040865384615384 0.06490384615384616 0.10096153846153846