0 0.41586538461538464 0.4987980769230769 0.07451923076923077 0.21153846153846154
0 0.25 0.5084134615384616 0.07932692307692307 0.2283653846153846
0 0.33533653846153844 0.515625 0.06971153846153846 0.24278846153846154
0 0.016826923076923076 0.5372596153846154 0.03365384615384615 0.2668269230769231
0 0.9819711538461539 0.48677884615384615 0.03125 0.22355769230769232
0 0.7463942307692307 0.5 0.07211538461538461 0.22115384615384615
0 0.9242788461538461 0.49759615384615385 0.07451923076923077 0.2091346153846154
0 0.4951923076923077 0.5204326923076923 0.07692307692307693 0.22115384615384615
0 0.1658653846153846 0.5384615384615384 0.07692307692307693 0.25
0 0.5841346153846154 0.5192307692307693 0.06971153846153846 0.2620192307692308
0 0.8365384615384616 0.5072115384615384 0.07451923076923077 0.20673076923076922
0 0.6682692307692307 0.5204326923076923 0.07211538461538461 0.24759615384615385
0 0.08173076923076923 0.5504807692307693 0.08413461538461539 0.25240384615384615
0 0.8461538461538461 0.7860576923076923 0.06490384615384616 0.27884615384615385
0 0.9290865384615384 0.7848557692307693 0.06490384615384616 0.24519230769230768
0 0.9855769230769231 0.7848557692307693 0.02403846153846154 0.28125
0 0.6742788461538461 0.8016826923076923 0.07692307692307693 0.24759615384615385
0 0.08052884615384616 0.8329326923076923 0.08173076923076923 0.24759615384615385
0 0.5925480769230769 0.8088942307692307 0.07211538461538461 0.22596153846153846
0 0.5036057692307693 0.8149038461538461 0.0673076923076923 0.2283653846153846
0 0.7620192307692307 0.8028846153846154 0.07451923076923077 0.24278846153846154
0 0.421875 0.8245192307692307 0.07692307692307693 0.23798076923076922
0 0.33653846153846156 0.8317307692307693 0.06490384615384616 0.25
0 0.25721153846153844 0.8401442307692307 0.07211538461538461 0.24278846153846154
0 0.16826923076923078 0.8473557692307693 0.07211538461538461 0.21394230769230768
0 0.04807692307692308 0.21754807692307693 0.06490384615384616 0.10336538461538461
0 0.13581730769230768 0.22115384615384615 0.07211538461538461 0.11298076923076923
0 0.7295673076923077 0.19230769230769232 0.0625 0.11778846153846154
0 0.8137019230769231 0.1875 0.06490384615384616 0.12259615384615384
0 0.6454326923076923 0.1971153846153846 0.06490384615384616 0.1201923076923077
0 0.5600961538461539 0.20192307692307693 0.0673076923076923 0.1201923076923077
0 0.47596153846153844 0.20793269230769232 0.0673076923076923 0.12740384615384615
0 0.31009615384615385 0.21634615384615385 0.0673076923076923 0.12259615384615384
0 0.2247596153846154 0.22115384615384615 0.07692307692307693 0.12259615384615384
0 0.9050480769230769 0.18509615384615385 0.07211538461538461 0.11298076923076923
0 0.9699519230769231 0.18389423076923078 0.03125 0.125
0 0.3942307692307692 0.21394230769230768 0.06490384615384616 0.11778846153846154