0 0.28125 0.9555288461538461 0.22596153846153846 0.08413461538461539
0 0.2776442307692308 0.8653846153846154 0.22596153846153846 0.07692307692307693
0 0.265625 0.6069711538461539 0.21634615384615385 0.06490384615384616
0 0.22956730769230768 0.10336538461538461 0.22115384615384615 0.0673076923076923
0 0.25 0.3581730769230769 0.22596153846153846 0.0673076923076923
0 0.23918269230769232 0.19110576923076922 0.22596153846153846 0.07211538461538461
0 0.25721153846153844 0.44471153846153844 0.23076923076923078 0.08173076923076923
0 0.26322115384615385 0.5300480769230769 0.23076923076923078 0.07451923076923077
0 0.28365384615384615 0.7764423076923077 0.24519230769230768 0.08173076923076923
0 0.23317307692307693 0.036057692307692304 0.23557692307692307 0.04807692307692308
0 0.24879807692307693 0.27524038461538464 0.21875 0.07451923076923077
0 0.28125 0.6959134615384616 0.22115384615384615 0.07211538461538461
0 0.6045673076923077 0.5805288461538461 0.20192307692307693 0.08413461538461539
0 0.6225961538461539 0.7475961538461539 0.21634615384615385 0.08173076923076923
0 0.6237980769230769 0.6610576923076923 0.21875 0.07451923076923077
0 0.5973557692307693 0.24759615384615385 0.21875 0.07451923076923077
0 0.6454326923076923 0.9194711538461539 0.23798076923076922 0.07211538461538461
0 0.5841346153846154 0.015625 0.21634615384615385 0.03125
0 0.6165865384615384 0.49759615384615385 0.21875 0.07932692307692307
0 0.5949519230769231 0.15745192307692307 0.25 0.07692307692307693
0 0.6105769230769231 0.3293269230769231 0.24519230769230768 0.07692307692307693
0 0.6213942307692307 0.4110576923076923 0.25721153846153844 0.07692307692307693
0 0.5973557692307693 0.06971153846153846 0.24278846153846154 0.07211538461538461
0 0.6586538461538461 0.8269230769230769 0.23798076923076922 0.08653846153846154
0 0.8569711538461539 0.1502403846153846 0.23557692307692307 0.07451923076923077
0 0.8870192307692307 0.49158653846153844 0.22355769230769232 0.0673076923076923
0 0.9002403846153846 0.9134615384615384 0.19471153846153846 0.07692307692307693
0 0.8569711538461539 0.01201923076923077 0.21875 0.02403846153846154
0 0.8846153846153846 0.3233173076923077 0.2091346153846154 0.08173076923076923
0 0.8786057692307693 0.22716346153846154 0.20432692307692307 0.07211538461538461
0 0.9134615384615384 0.7379807692307693 0.16826923076923078 0.0673076923076923
0 0.9074519230769231 0.5709134615384616 0.18028846153846154 0.07451923076923077
0 0.9086538461538461 0.6574519230769231 0.1778846153846154 0.07451923076923077
0 0.8990384615384616 0.40024038461538464 0.1875 0.06971153846153846
0 0.8774038461538461 0.06370192307692307 0.18269230769230768 0.06971153846153846
0 0.9230769230769231 0.8269230769230769 0.14903846153846154 0.07692307692307693