0 0.1778846153846154 0.19831730769230768 0.052884615384615384 0.07932692307692307
0 0.020432692307692308 0.21754807692307693 0.040865384615384616 0.10336538461538461
0 0.4338942307692308 0.20192307692307693 0.04807692307692308 0.10336538461538461
0 0.5180288461538461 0.20192307692307693 0.052884615384615384 0.10576923076923077
0 0.3485576923076923 0.21875 0.057692307692307696 0.13701923076923078
0 0.09735576923076923 0.4170673076923077 0.07211538461538461 0.2692307692307692
0 0.18509615384615385 0.421875 0.0673076923076923 0.29086538461538464
0 0.9483173076923077 0.39783653846153844 0.0625 0.25240384615384615
0 0.7824519230769231 0.40865384615384615 0.055288461538461536 0.23317307692307693
0 0.8605769230769231 0.41225961538461536 0.07211538461538461 0.25240384615384615
0 0.6935096153846154 0.4206730769230769 0.057692307692307696 0.23798076923076922
0 0.2668269230769231 0.4387019230769231 0.0673076923076923 0.24759615384615385
0 0.02403846153846154 0.44711538461538464 0.04807692307692308 0.2403846153846154
0 0.35216346153846156 0.43990384615384615 0.0625 0.2283653846153846
0 0.5240384615384616 0.43990384615384615 0.06009615384615385 0.21634615384615385
0 0.6057692307692307 0.4411057692307692 0.07211538461538461 0.2956730769230769
0 0.4411057692307692 0.45913461538461536 0.07211538461538461 0.24759615384615385
0 0.6346153846153846 0.7740384615384616 0.06009615384615385 0.21875
0 0.7199519230769231 0.7764423076923077 0.0625 0.2283653846153846
0 0.039663461538461536 0.8016826923076923 0.06009615384615385 0.22115384615384615
0 0.11899038461538461 0.8004807692307693 0.06971153846153846 0.22115384615384615
0 0.8918269230769231 0.7752403846153846 0.06971153846153846 0.23798076923076922
0 0.28966346153846156 0.7992788461538461 0.06009615384615385 0.2403846153846154
0 0.20793269230769232 0.8040865384615384 0.06490384615384616 0.23798076923076922
0 0.45913461538461536 0.7920673076923077 0.06971153846153846 0.24759615384615385
0 0.8076923076923077 0.7848557692307693 0.06971153846153846 0.23798076923076922
0 0.3762019230769231 0.7992788461538461 0.0673076923076923 0.25961538461538464
0 0.5444711538461539 0.796875 0.07451923076923077 0.24759615384615385
0 0.9759615384615384 0.7860576923076923 0.04326923076923077 0.25