0 0.33533653846153844 0.7223557692307693 0.06971153846153846 0.22355769230769232
0 0.07932692307692307 0.7019230769230769 0.08173076923076923 0.24278846153846154
0 0.016826923076923076 0.6971153846153846 0.03365384615384615 0.25
0 0.1658653846153846 0.7007211538461539 0.07932692307692307 0.23798076923076922
0 0.765625 0.7427884615384616 0.07692307692307693 0.24519230769230768
0 0.8521634615384616 0.7439903846153846 0.07932692307692307 0.2548076923076923
0 0.9375 0.75 0.07451923076923077 0.25961538461538464
0 0.42427884615384615 0.7091346153846154 0.07692307692307693 0.25240384615384615
0 0.25 0.6947115384615384 0.08173076923076923 0.27403846153846156
0 0.5949519230769231 0.71875 0.07932692307692307 0.27163461538461536
0 0.5216346153846154 0.44350961538461536 0.07451923076923077 0.29086538461538464
0 0.03125 0.4014423076923077 0.0625 0.2644230769230769
0 0.8701923076923077 0.45072115384615385 0.07451923076923077 0.25721153846153844
0 0.2704326923076923 0.40625 0.07451923076923077 0.24278846153846154
0 0.7824519230769231 0.43990384615384615 0.07932692307692307 0.27163461538461536
0 0.3605769230769231 0.3954326923076923 0.07211538461538461 0.22115384615384615
0 0.18509615384615385 0.3786057692307692 0.08653846153846154 0.24278846153846154
0 0.6310096153846154 0.09495192307692307 0.07692307692307693 0.17307692307692307
0 0.7163461538461539 0.10096153846153846 0.08413461538461539 0.17307692307692307
0 0.8004807692307693 0.1045673076923077 0.0985576923076923 0.16826923076923078