0 0.5625 0.027644230769230768 0.29086538461538464 0.052884615384615384
0 0.5600961538461539 0.10096153846153846 0.27884615384615385 0.06490384615384616
0 0.5588942307692307 0.18990384615384615 0.2932692307692308 0.06490384615384616
0 0.5396634615384616 0.9555288461538461 0.2403846153846154 0.057692307692307696
0 0.5420673076923077 0.6153846153846154 0.2283653846153846 0.055288461538461536
0 0.5336538461538461 0.7896634615384616 0.22596153846153846 0.052884615384615384
0 0.53125 0.8665865384615384 0.25240384615384615 0.06971153846153846
0 0.5396634615384616 0.27524038461538464 0.24519230769230768 0.057692307692307696
0 0.5348557692307693 0.3545673076923077 0.22355769230769232 0.055288461538461536
0 0.5288461538461539 0.6971153846153846 0.23317307692307693 0.052884615384615384
0 0.5228365384615384 0.5264423076923077 0.21394230769230768 0.052884615384615384
0 0.5192307692307693 0.4411057692307692 0.21394230769230768 0.06009615384615385
0 0.1875 0.27524038461538464 0.21875 0.057692307692307696
0 0.1778846153846154 0.6213942307692307 0.22596153846153846 0.057692307692307696
0 0.17307692307692307 0.7079326923076923 0.2283653846153846 0.057692307692307696
0 0.17908653846153846 0.1045673076923077 0.22355769230769232 0.0673076923076923
0 0.17668269230769232 0.027644230769230768 0.22355769230769232 0.055288461538461536
0 0.17307692307692307 0.19110576923076922 0.2403846153846154 0.0625
0 0.15985576923076922 0.7860576923076923 0.24278846153846154 0.06971153846153846
0 0.16346153846153846 0.53125 0.25961538461538464 0.06971153846153846
0 0.16346153846153846 0.4483173076923077 0.25721153846153844 0.0673076923076923
0 0.15384615384615385 0.9627403846153846 0.2620192307692308 0.0625
0 0.16346153846153846 0.3605769230769231 0.2644230769230769 0.06490384615384616
0 0.14903846153846154 0.8798076923076923 0.2548076923076923 0.06490384615384616
0 0.7932692307692307 0.8737980769230769 0.11298076923076923 0.057692307692307696
0 0.7908653846153846 0.9591346153846154 0.10817307692307693 0.055288461538461536
0 0.7896634615384616 0.7908653846153846 0.11778846153846154 0.055288461538461536
0 0.7908653846153846 0.6213942307692307 0.125 0.038461538461538464
0 0.7992788461538461 0.19110576923076922 0.1201923076923077 0.057692307692307696
0 0.7932692307692307 0.2776442307692308 0.12740384615384615 0.057692307692307696
0 0.7908653846153846 0.030048076923076924 0.14182692307692307 0.052884615384615384
0 0.78125 0.5384615384615384 0.14182692307692307 0.06009615384615385
0 0.7884615384615384 0.10697115384615384 0.14903846153846154 0.057692307692307696
0 0.78125 0.4519230769230769 0.14182692307692307 0.04567307692307692
0 0.7704326923076923 0.6995192307692307 0.15865384615384615 0.06971153846153846
0 0.7668269230769231 0.359375 0.1778846153846154 0.052884615384615384