0 0.6730769230769231 0.41346153846153844 0.21875 0.07692307692307693
0 0.6538461538461539 0.24879807692307693 0.23557692307692307 0.07932692307692307
0 0.6814903846153846 0.7439903846153846 0.2283653846153846 0.07211538461538461
0 0.6514423076923077 0.328125 0.2548076923076923 0.07932692307692307
0 0.6286057692307693 0.014423076923076924 0.2620192307692308 0.028846153846153848
0 0.6875 0.8329326923076923 0.23798076923076922 0.07211538461538461
0 0.6286057692307693 0.07091346153846154 0.24759615384615385 0.07692307692307693
0 0.6850961538461539 0.9170673076923077 0.22596153846153846 0.06971153846153846
0 0.6646634615384616 0.6574519230769231 0.2548076923076923 0.0889423076923077
0 0.6538461538461539 0.49278846153846156 0.25240384615384615 0.07692307692307693
0 0.6286057692307693 0.15384615384615385 0.2620192307692308 0.07932692307692307
0 0.6502403846153846 0.5793269230769231 0.2620192307692308 0.07211538461538461
0 0.5228365384615384 0.5865384615384616 0.5120192307692307 0.10096153846153846
0 0.49038461538461536 0.5024038461538461 0.4831730769230769 0.09375
0 0.3449519230769231 0.0829326923076923 0.2403846153846154 0.08173076923076923
0 0.39663461538461536 0.8485576923076923 0.2668269230769231 0.07451923076923077
0 0.38100961538461536 0.7572115384615384 0.25721153846153844 0.07692307692307693
0 0.375 0.6730769230769231 0.25 0.08413461538461539
0 0.38822115384615385 0.9338942307692307 0.24759615384615385 0.06971153846153846
0 0.3317307692307692 0.1622596153846154 0.2283653846153846 0.06490384615384616
0 0.33413461538461536 0.25600961538461536 0.22355769230769232 0.07211538461538461
0 0.3425480769230769 0.4206730769230769 0.23317307692307693 0.07211538461538461
0 0.33653846153846156 0.3401442307692308 0.2283653846153846 0.07211538461538461
0 0.07692307692307693 0.7007211538461539 0.12259615384615384 0.06490384615384616
0 0.0625 0.4423076923076923 0.125 0.07211538461538461
0 0.0625 0.5288461538461539 0.12259615384615384 0.07692307692307693
0 0.04927884615384615 0.1875 0.0985576923076923 0.07692307692307693
0 0.054086538461538464 0.3581730769230769 0.10817307692307693 0.07211538461538461
0 0.051682692307692304 0.27283653846153844 0.10336538461538461 0.08413461538461539
0 0.046875 0.0985576923076923 0.09375 0.07211538461538461
0 0.078125 0.7908653846153846 0.11778846153846154 0.07211538461538461
0 0.06610576923076923 0.6105769230769231 0.11778846153846154 0.08653846153846154
0 0.0889423076923077 0.9591346153846154 0.11538461538461539 0.0673076923076923
0 0.08052884615384616 0.8701923076923077 0.11057692307692307 0.07692307692307693