0 0.23197115384615385 0.9146634615384616 0.07211538461538461 0.14182692307692307
0 0.3137019230769231 0.9314903846153846 0.0673076923076923 0.11538461538461539
0 0.6069711538461539 0.29086538461538464 0.07692307692307693 0.2764423076923077
0 0.028846153846153848 0.26322115384615385 0.04567307692307692 0.25240384615384615
0 0.0889423076923077 0.2692307692307692 0.06971153846153846 0.25240384615384615
0 0.515625 0.30288461538461536 0.07211538461538461 0.25721153846153844
0 0.6875 0.31490384615384615 0.07451923076923077 0.23798076923076922
0 0.7692307692307693 0.3233173076923077 0.06971153846153846 0.24519230769230768
0 0.17427884615384615 0.2932692307692308 0.06490384615384616 0.2283653846153846
0 0.9447115384615384 0.33774038461538464 0.06971153846153846 0.25240384615384615
0 0.43028846153846156 0.3137019230769231 0.06971153846153846 0.24278846153846154
0 0.33052884615384615 0.6646634615384616 0.06971153846153846 0.22355769230769232
0 0.07091346153846154 0.6526442307692307 0.07451923076923077 0.24278846153846154
0 0.15384615384615385 0.6622596153846154 0.07211538461538461 0.24278846153846154
0 0.41466346153846156 0.6778846153846154 0.07451923076923077 0.25721153846153844
0 0.7620192307692307 0.6995192307692307 0.06971153846153846 0.24759615384615385
0 0.9302884615384616 0.7055288461538461 0.07211538461538461 0.25721153846153844
0 0.8425480769230769 0.7055288461538461 0.07932692307692307 0.25240384615384615
0 0.24519230769230768 0.6778846153846154 0.07692307692307693 0.2644230769230769
0 0.578125 0.78125 0.0889423076923077 0.4326923076923077
0 0.7415865384615384 0.9290865384615384 0.06490384615384616 0.13701923076923078
0 0.8233173076923077 0.9314903846153846 0.06490384615384616 0.13221153846153846