0 0.9579326923076923 0.3401442307692308 0.07451923076923077 0.06009615384615385
0 0.9591346153846154 0.08774038461538461 0.0625 0.0625
0 0.18269230769230768 0.7800480769230769 0.057692307692307696 0.057692307692307696
0 0.17427884615384615 0.18509615384615385 0.057692307692307696 0.04567307692307692
0 0.18269230769230768 0.35216346153846156 0.0673076923076923 0.052884615384615384
0 0.1875 0.4387019230769231 0.07451923076923077 0.05048076923076923
0 0.38341346153846156 0.4338942307692308 0.25 0.06009615384615385
0 0.39302884615384615 0.7716346153846154 0.2620192307692308 0.0673076923076923
0 0.38341346153846156 0.18389423076923078 0.2403846153846154 0.06009615384615385
0 0.3858173076923077 0.35216346153846156 0.23317307692307693 0.06009615384615385
0 0.38221153846153844 0.026442307692307692 0.2620192307692308 0.04807692307692308
0 0.38221153846153844 0.09375 0.23557692307692307 0.0625
0 0.39783653846153844 0.2644230769230769 0.21634615384615385 0.06009615384615385
0 0.4050480769230769 0.6862980769230769 0.21634615384615385 0.057692307692307696
0 0.734375 0.5877403846153846 0.21153846153846154 0.0625
0 0.7475961538461539 0.7572115384615384 0.22115384615384615 0.0673076923076923
0 0.7451923076923077 0.2512019230769231 0.23076923076923078 0.06009615384615385
0 0.7548076923076923 0.6694711538461539 0.2403846153846154 0.06490384615384616
0 0.7596153846153846 0.5024038461538461 0.2548076923076923 0.0625
0 0.7536057692307693 0.16826923076923078 0.25 0.0625
0 0.7572115384615384 0.3425480769230769 0.24519230769230768 0.06971153846153846
0 0.7692307692307693 0.9266826923076923 0.25961538461538464 0.06009615384615385
0 0.7548076923076923 0.018028846153846152 0.2403846153846154 0.036057692307692304
0 0.7620192307692307 0.42427884615384615 0.25721153846153844 0.06009615384615385
0 0.7704326923076923 0.8377403846153846 0.25961538461538464 0.07451923076923077
0 0.7596153846153846 0.0829326923076923 0.2403846153846154 0.06009615384615385