0 0.7259615384615384 0.47716346153846156 0.0625 0.23798076923076922
0 0.8954326923076923 0.4735576923076923 0.06971153846153846 0.22355769230769232
0 0.38100961538461536 0.49278846153846156 0.057692307692307696 0.22596153846153846
0 0.13221153846153846 0.5036057692307693 0.08413461538461539 0.2283653846153846
0 0.9711538461538461 0.47475961538461536 0.052884615384615384 0.22355769230769232
0 0.2980769230769231 0.4987980769230769 0.06490384615384616 0.22596153846153846
0 0.21754807692307693 0.5024038461538461 0.08173076923076923 0.23798076923076922
0 0.8076923076923077 0.484375 0.06490384615384616 0.23317307692307693
0 0.6394230769230769 0.49399038461538464 0.0673076923076923 0.2548076923076923
0 0.4699519230769231 0.5036057692307693 0.0673076923076923 0.24278846153846154
0 0.5540865384615384 0.5024038461538461 0.06971153846153846 0.24759615384615385
0 0.038461538461538464 0.5204326923076923 0.07692307692307693 0.2668269230769231
0 0.484375 0.78125 0.06490384615384616 0.28846153846153844
0 0.2283653846153846 0.7896634615384616 0.0673076923076923 0.2692307692307692
0 0.13942307692307693 0.796875 0.0673076923076923 0.2668269230769231
0 0.06009615384615385 0.7992788461538461 0.07451923076923077 0.23798076923076922
0 0.5649038461538461 0.7848557692307693 0.0673076923076923 0.2692307692307692
0 0.4026442307692308 0.7908653846153846 0.06971153846153846 0.2548076923076923
0 0.9771634615384616 0.7728365384615384 0.040865384615384616 0.27163461538461536
0 0.6550480769230769 0.7884615384615384 0.0673076923076923 0.24278846153846154
0 0.8161057692307693 0.7872596153846154 0.06490384615384616 0.24759615384615385
0 0.9050480769230769 0.7884615384615384 0.07211538461538461 0.25240384615384615
0 0.3173076923076923 0.8149038461538461 0.0673076923076923 0.22596153846153846
0 0.7379807692307693 0.8040865384615384 0.0625 0.21875
0 0.20432692307692307 0.20552884615384615 0.057692307692307696 0.08653846153846154
0 0.8990384615384616 0.1814903846153846 0.0625 0.09615384615384616
0 0.04567307692307692 0.21394230769230768 0.0625 0.09134615384615384
0 0.5540865384615384 0.19831730769230768 0.07211538461538461 0.11057692307692307
0 0.3870192307692308 0.20432692307692307 0.05048076923076923 0.1201923076923077
0 0.96875 0.18389423076923078 0.040865384615384616 0.10817307692307693
0 0.7235576923076923 0.1935096153846154 0.057692307692307696 0.10336538461538461
0 0.4675480769230769 0.203125 0.055288461538461536 0.10336538461538461
0 0.6370192307692307 0.19831730769230768 0.057692307692307696 0.10096153846153846
0 0.12860576923076922 0.21754807692307693 0.0625 0.10336538461538461
0 0.3004807692307692 0.21394230769230768 0.06490384615384616 0.0985576923076923
0 0.8076923076923077 0.19591346153846154 0.06009615384615385 0.10817307692307693