0 0.1935096153846154 0.4699519230769231 0.07932692307692307 0.0625
0 0.1778846153846154 0.7175480769230769 0.07451923076923077 0.06490384615384616
0 0.46274038461538464 0.6514423076923077 0.22355769230769232 0.0673076923076923
0 0.4495192307692308 0.9122596153846154 0.24278846153846154 0.07211538461538461
0 0.45913461538461536 0.828125 0.24278846153846154 0.07451923076923077
0 0.47596153846153844 0.5661057692307693 0.25961538461538464 0.07211538461538461
0 0.49759615384615385 0.22596153846153846 0.24759615384615385 0.07451923076923077
0 0.5048076923076923 0.056490384615384616 0.25961538461538464 0.07932692307692307
0 0.5024038461538461 0.140625 0.24759615384615385 0.07692307692307693
0 0.47716346153846156 0.7391826923076923 0.2644230769230769 0.07211538461538461
0 0.6237980769230769 0.40625 0.5096153846153846 0.09615384615384616
0 0.6694711538461539 0.5805288461538461 0.4495192307692308 0.08653846153846154
0 0.7403846153846154 0.4987980769230769 0.3004807692307692 0.06971153846153846
0 0.7524038461538461 0.9831730769230769 0.27884615384615385 0.028846153846153848
0 0.7836538461538461 0.33052884615384615 0.25240384615384615 0.0673076923076923
0 0.765625 0.7584134615384616 0.25240384615384615 0.0673076923076923
0 0.796875 0.15504807692307693 0.2620192307692308 0.07211538461538461
0 0.7944711538461539 0.24639423076923078 0.2764423076923077 0.07692307692307693
0 0.7824519230769231 0.6706730769230769 0.22355769230769232 0.06971153846153846