0 0.10576923076923077 0.7956730769230769 0.057692307692307696 0.06009615384615385
0 0.36177884615384615 0.796875 0.052884615384615384 0.08413461538461539
0 0.5480769230769231 0.6706730769230769 0.08173076923076923 0.34134615384615385
0 0.4651442307692308 0.6454326923076923 0.07692307692307693 0.2932692307692308
0 0.036057692307692304 0.5997596153846154 0.07211538461538461 0.24759615384615385
0 0.38341346153846156 0.6141826923076923 0.07451923076923077 0.24278846153846154
0 0.21394230769230768 0.6009615384615384 0.08653846153846154 0.27403846153846156
0 0.71875 0.6358173076923077 0.07211538461538461 0.24759615384615385
0 0.8088942307692307 0.6262019230769231 0.07692307692307693 0.22355769230769232
0 0.1201923076923077 0.578125 0.06971153846153846 0.22115384615384615
0 0.6358173076923077 0.6141826923076923 0.06971153846153846 0.21153846153846154
0 0.234375 0.234375 0.07211538461538461 0.22596153846153846
0 0.06009615384615385 0.2091346153846154 0.07932692307692307 0.2403846153846154
0 0.1466346153846154 0.21514423076923078 0.09375 0.25
0 0.32211538461538464 0.21153846153846154 0.07692307692307693 0.27884615384615385
0 0.41346153846153844 0.21634615384615385 0.07932692307692307 0.3004807692307692