0 0.3173076923076923 0.9483173076923077 0.0625 0.07932692307692307
0 0.06490384615384616 0.9375 0.0673076923076923 0.0673076923076923
0 0.7956730769230769 0.19831730769230768 0.0625 0.0625
0 0.20192307692307693 0.15865384615384615 0.05048076923076923 0.06009615384615385
0 0.36899038461538464 0.17548076923076922 0.057692307692307696 0.06971153846153846
0 0.4543269230769231 0.18509615384615385 0.052884615384615384 0.07692307692307693
0 0.43990384615384615 0.3798076923076923 0.07211538461538461 0.25240384615384615
0 0.7764423076923077 0.4074519230769231 0.08173076923076923 0.2668269230769231
0 0.18990384615384615 0.36778846153846156 0.07211538461538461 0.24278846153846154
0 0.3581730769230769 0.3786057692307692 0.07211538461538461 0.23557692307692307
0 0.03245192307692308 0.3581730769230769 0.0625 0.2644230769230769
0 0.09975961538461539 0.36177884615384615 0.07451923076923077 0.23798076923076922
0 0.2704326923076923 0.38461538461538464 0.06971153846153846 0.21875
0 0.6911057692307693 0.41466346153846156 0.0673076923076923 0.21875
0 0.5745192307692307 0.7391826923076923 0.07211538461538461 0.21394230769230768
0 0.7439903846153846 0.7608173076923077 0.07692307692307693 0.22596153846153846
0 0.23918269230769232 0.7319711538461539 0.07211538461538461 0.23317307692307693
0 0.65625 0.7644230769230769 0.07692307692307693 0.24519230769230768
0 0.4891826923076923 0.7596153846153846 0.07451923076923077 0.25721153846153844
0 0.15625 0.7367788461538461 0.07451923076923077 0.25240384615384615
0 0.3293269230769231 0.7487980769230769 0.08173076923076923 0.25
0 0.9122596153846154 0.7920673076923077 0.07211538461538461 0.2620192307692308
0 0.014423076923076924 0.7295673076923077 0.028846153846153848 0.24278846153846154
0 0.4110576923076923 0.7572115384615384 0.07211538461538461 0.25961538461538464
0 0.8233173076923077 0.7872596153846154 0.08653846153846154 0.2644230769230769
0 0.06971153846153846 0.7379807692307693 0.07211538461538461 0.24278846153846154