0 0.27403846153846156 0.4699519230769231 0.07211538461538461 0.23798076923076922
0 0.10576923076923077 0.46033653846153844 0.07692307692307693 0.22596153846153846
0 0.6189903846153846 0.49759615384615385 0.06490384615384616 0.22596153846153846
0 0.8677884615384616 0.515625 0.09134615384615384 0.23076923076923078
0 0.030048076923076924 0.46033653846153844 0.06009615384615385 0.22355769230769232
0 0.7019230769230769 0.5060096153846154 0.07211538461538461 0.22596153846153846
0 0.7824519230769231 0.5120192307692307 0.09134615384615384 0.2403846153846154
0 0.1935096153846154 0.4735576923076923 0.07451923076923077 0.23317307692307693
0 0.3605769230769231 0.4891826923076923 0.07451923076923077 0.2548076923076923
0 0.5300480769230769 0.5048076923076923 0.07692307692307693 0.24519230769230768
0 0.44591346153846156 0.5012019230769231 0.07692307692307693 0.24759615384615385
0 0.9567307692307693 0.5372596153846154 0.08173076923076923 0.27163461538461536
0 0.5060096153846154 0.78125 0.07451923076923077 0.28846153846153844
0 0.7608173076923077 0.7992788461538461 0.07692307692307693 0.2692307692307692
0 0.8497596153846154 0.8088942307692307 0.07692307692307693 0.2668269230769231
0 0.9290865384615384 0.8149038461538461 0.08413461538461539 0.2403846153846154
0 0.42427884615384615 0.7824519230769231 0.07692307692307693 0.2692307692307692
0 0.5865384615384616 0.7944711538461539 0.07692307692307693 0.2548076923076923
0 0.020432692307692308 0.7560096153846154 0.040865384615384616 0.27163461538461536
0 0.33413461538461536 0.7824519230769231 0.07692307692307693 0.24519230769230768
0 0.17307692307692307 0.7764423076923077 0.07211538461538461 0.24759615384615385
0 0.08533653846153846 0.7752403846153846 0.07932692307692307 0.2548076923076923
0 0.671875 0.8221153846153846 0.07451923076923077 0.2283653846153846
0 0.2512019230769231 0.7956730769230769 0.06971153846153846 0.21875
0 0.8052884615384616 0.21634615384615385 0.06009615384615385 0.0889423076923077
0 0.11177884615384616 0.16826923076923078 0.0673076923076923 0.0985576923076923
0 0.9639423076923077 0.22956730769230768 0.0673076923076923 0.09375
0 0.4567307692307692 0.1971153846153846 0.07451923076923077 0.11298076923076923
0 0.6225961538461539 0.2091346153846154 0.052884615384615384 0.1201923076923077
0 0.042067307692307696 0.16826923076923078 0.04326923076923077 0.11057692307692307
0 0.28725961538461536 0.18629807692307693 0.0625 0.10576923076923077
0 0.5420673076923077 0.20432692307692307 0.06009615384615385 0.10336538461538461
0 0.3737980769230769 0.1935096153846154 0.0625 0.10336538461538461
0 0.8810096153846154 0.23076923076923078 0.0673076923076923 0.10576923076923077
0 0.7103365384615384 0.22115384615384615 0.06971153846153846 0.10096153846153846
0 0.203125 0.18509615384615385 0.0625 0.10817307692307693