0 0.7836538461538461 0.9723557692307693 0.18509615384615385 0.03125
0 0.7548076923076923 0.47836538461538464 0.21153846153846154 0.07692307692307693
0 0.7776442307692307 0.90625 0.21634615384615385 0.07451923076923077
0 0.78125 0.9663461538461539 0.1971153846153846 0.04326923076923077
0 0.7451923076923077 0.3870192307692308 0.20192307692307693 0.06971153846153846
0 0.7680288461538461 0.8173076923076923 0.20673076923076922 0.06971153846153846
0 0.7572115384615384 0.6490384615384616 0.20673076923076922 0.06490384615384616
0 0.734375 0.22115384615384615 0.20673076923076922 0.06971153846153846
0 0.7379807692307693 0.30649038461538464 0.21394230769230768 0.07211538461538461
0 0.7487980769230769 0.5637019230769231 0.2091346153846154 0.07211538461538461
0 0.7247596153846154 0.13701923076923078 0.21153846153846154 0.07451923076923077
0 0.7548076923076923 0.7283653846153846 0.22355769230769232 0.07692307692307693
0 0.71875 0.051682692307692304 0.22115384615384615 0.0673076923076923
0 0.40625 0.49158653846153844 0.22355769230769232 0.07211538461538461
0 0.40865384615384615 0.6622596153846154 0.22596153846153846 0.07211538461538461
0 0.4182692307692308 0.921875 0.25240384615384615 0.07692307692307693
0 0.41947115384615385 0.9831730769230769 0.2620192307692308 0.028846153846153848
0 0.4110576923076923 0.8377403846153846 0.25 0.07211538461538461
0 0.3798076923076923 0.32211538461538464 0.24278846153846154 0.07211538461538461
0 0.3737980769230769 0.23798076923076922 0.24519230769230768 0.07692307692307693
0 0.3894230769230769 0.578125 0.2548076923076923 0.07932692307692307
0 0.3605769230769231 0.06850961538461539 0.2403846153846154 0.07692307692307693
0 0.3605769230769231 0.15264423076923078 0.24519230769230768 0.08173076923076923
0 0.3918269230769231 0.7548076923076923 0.2548076923076923 0.07211538461538461
0 0.36899038461538464 0.40865384615384615 0.27884615384615385 0.07692307692307693
0 0.125 0.5108173076923077 0.24759615384615385 0.07211538461538461
0 0.125 0.5961538461538461 0.23798076923076922 0.07451923076923077
0 0.140625 0.9891826923076923 0.2283653846153846 0.016826923076923076
0 0.10817307692307693 0.25600961538461536 0.21634615384615385 0.07932692307692307
0 0.10817307692307693 0.42908653846153844 0.21634615384615385 0.07451923076923077
0 0.09975961538461539 0.08052884615384616 0.19951923076923078 0.08413461538461539
0 0.12980769230769232 0.9423076923076923 0.21153846153846154 0.08173076923076923
0 0.10216346153846154 0.34134615384615385 0.20432692307692307 0.07211538461538461
0 0.11658653846153846 0.7692307692307693 0.20432692307692307 0.06490384615384616
0 0.09975961538461539 0.6826923076923077 0.18028846153846154 0.07211538461538461
0 0.10817307692307693 0.8521634615384616 0.1778846153846154 0.0625
0 0.08173076923076923 0.16826923076923078 0.16346153846153846 0.0673076923076923