0 0.5949519230769231 0.09134615384615384 0.22115384615384615 0.07211538461538461
0 0.6201923076923077 0.6105769230769231 0.22115384615384615 0.0625
0 0.5877403846153846 0.025240384615384616 0.21875 0.05048076923076923
0 0.625 0.7752403846153846 0.23798076923076922 0.08413461538461539
0 0.6189903846153846 0.6899038461538461 0.22596153846153846 0.0673076923076923
0 0.5901442307692307 0.18509615384615385 0.23076923076923078 0.06971153846153846
0 0.59375 0.2668269230769231 0.2283653846153846 0.06490384615384616
0 0.6237980769230769 0.8569711538461539 0.24278846153846154 0.0889423076923077
0 0.5961538461538461 0.35216346153846156 0.25721153846153844 0.07451923076923077
0 0.6262019230769231 0.9579326923076923 0.2403846153846154 0.06490384615384616
0 0.6009615384615384 0.5228365384615384 0.2403846153846154 0.0673076923076923
0 0.59375 0.4423076923076923 0.25240384615384615 0.06971153846153846
0 0.35216346153846156 0.9615384615384616 0.25 0.07211538461538461
0 0.3269230769230769 0.5348557692307693 0.28365384615384615 0.07451923076923077
0 0.34134615384615385 0.875 0.25240384615384615 0.07211538461538461
0 0.3245192307692308 0.6177884615384616 0.2548076923076923 0.06971153846153846
0 0.3329326923076923 0.7908653846153846 0.27884615384615385 0.07692307692307693
0 0.3137019230769231 0.45072115384615385 0.25961538461538464 0.07451923076923077
0 0.30649038461538464 0.3641826923076923 0.23557692307692307 0.07211538461538461
0 0.2848557692307692 0.036057692307692304 0.27884615384615385 0.06009615384615385
0 0.2920673076923077 0.203125 0.24278846153846154 0.06971153846153846
0 0.2824519230769231 0.109375 0.25240384615384615 0.06971153846153846
0 0.30528846153846156 0.703125 0.22596153846153846 0.06971153846153846
0 0.2800480769230769 0.2824519230769231 0.21634615384615385 0.06490384615384616
0 0.038461538461538464 0.5372596153846154 0.07211538461538461 0.0673076923076923
0 0.04927884615384615 0.7091346153846154 0.07451923076923077 0.07211538461538461
0 0.042067307692307696 0.6274038461538461 0.06971153846153846 0.06009615384615385
0 0.046875 0.7896634615384616 0.0625 0.0625
0 0.02403846153846154 0.20192307692307693 0.04807692307692308 0.0625
0 0.02403846153846154 0.2932692307692308 0.04807692307692308 0.0673076923076923
0 0.025240384615384616 0.37740384615384615 0.05048076923076923 0.0625