0 0.0733173076923077 0.27163461538461536 0.11057692307692307 0.07211538461538461
0 0.06610576923076923 0.36177884615384615 0.11057692307692307 0.07932692307692307
0 0.6346153846153846 0.9182692307692307 0.25 0.08653846153846154
0 0.65625 0.6670673076923077 0.22596153846153846 0.07932692307692307
0 0.625 0.9807692307692307 0.25961538461538464 0.03365384615384615
0 0.6370192307692307 0.8425480769230769 0.24519230769230768 0.07451923076923077
0 0.6850961538461539 0.234375 0.24519230769230768 0.07932692307692307
0 0.6971153846153846 0.06610576923076923 0.2548076923076923 0.08413461538461539
0 0.6887019230769231 0.1502403846153846 0.24759615384615385 0.08413461538461539
0 0.6838942307692307 0.19230769230769232 0.2620192307692308 0.1658653846153846
0 0.6478365384615384 0.578125 0.25961538461538464 0.07451923076923077
0 0.6298076923076923 0.7487980769230769 0.2644230769230769 0.08653846153846154
0 0.5252403846153846 0.5649038461538461 0.5072115384615384 0.10096153846153846
0 0.4014423076923077 0.3004807692307692 0.1971153846153846 0.06971153846153846
0 0.3894230769230769 0.4723557692307692 0.2980769230769231 0.08173076923076923
0 0.39302884615384615 0.21634615384615385 0.27163461538461536 0.0889423076923077
0 0.33774038461538464 0.7235576923076923 0.25 0.07692307692307693
0 0.3786057692307692 0.12379807692307693 0.23076923076923078 0.07451923076923077
0 0.3329326923076923 0.6394230769230769 0.22596153846153846 0.07692307692307693