0 0.5228365384615384 0.10336538461538461 0.22115384615384615 0.07211538461538461
0 0.5384615384615384 0.6177884615384616 0.22596153846153846 0.057692307692307696
0 0.5420673076923077 0.7019230769230769 0.22596153846153846 0.0625
0 0.5168269230769231 0.027644230769230768 0.22596153846153846 0.055288461538461536
0 0.546875 0.8737980769230769 0.2283653846153846 0.07451923076923077
0 0.5228365384615384 0.27403846153846156 0.23798076923076922 0.0625
0 0.5396634615384616 0.7800480769230769 0.2403846153846154 0.08413461538461539
0 0.5192307692307693 0.19110576923076922 0.23557692307692307 0.06490384615384616
0 0.5252403846153846 0.5276442307692307 0.24278846153846154 0.06971153846153846
0 0.5180288461538461 0.3581730769230769 0.2548076923076923 0.06971153846153846
0 0.5204326923076923 0.44350961538461536 0.24519230769230768 0.07211538461538461
0 0.5384615384615384 0.9603365384615384 0.2644230769230769 0.07211538461538461
0 0.2512019230769231 0.5324519230769231 0.28125 0.0673076923076923
0 0.2608173076923077 0.9639423076923077 0.24759615384615385 0.06971153846153846
0 0.24879807692307693 0.7932692307692307 0.2644230769230769 0.06971153846153846
0 0.25 0.8786057692307693 0.25961538461538464 0.0625
0 0.23798076923076922 0.6177884615384616 0.25961538461538464 0.0673076923076923
0 0.22956730769230768 0.453125 0.2692307692307692 0.06971153846153846
0 0.21995192307692307 0.19591346153846154 0.24278846153846154 0.0625
0 0.2127403846153846 0.036057692307692304 0.27403846153846156 0.057692307692307696
0 0.22355769230769232 0.36538461538461536 0.24278846153846154 0.06971153846153846
0 0.20673076923076922 0.11177884615384616 0.25 0.06971153846153846
0 0.20793269230769232 0.28125 0.21634615384615385 0.06490384615384616
0 0.22235576923076922 0.703125 0.22115384615384615 0.0673076923076923
0 0.8209134615384616 0.5901442307692307 0.07451923076923077 0.06490384615384616
0 0.8329326923076923 0.9278846153846154 0.07451923076923077 0.07692307692307693
0 0.8221153846153846 0.6814903846153846 0.08173076923076923 0.06009615384615385
0 0.8257211538461539 0.7680288461538461 0.07692307692307693 0.06009615384615385
0 0.8149038461538461 0.5072115384615384 0.07932692307692307 0.057692307692307696
0 0.7992788461538461 0.08173076923076923 0.08173076923076923 0.07211538461538461
0 0.8040865384615384 0.2548076923076923 0.08413461538461539 0.0673076923076923
0 0.8076923076923077 0.3401442307692308 0.08413461538461539 0.06971153846153846
0 0.8016826923076923 0.16947115384615385 0.08413461538461539 0.06971153846153846
0 0.8233173076923077 0.8449519230769231 0.08653846153846154 0.07451923076923077
0 0.7956730769230769 0.019230769230769232 0.08653846153846154 0.038461538461538464
0 0.8076923076923077 0.4206730769230769 0.0889423076923077 0.0625