0 0.5144230769230769 0.6598557692307693 0.0673076923076923 0.2860576923076923
0 0.7632211538461539 0.6622596153846154 0.06971153846153846 0.2764423076923077
0 0.59375 0.65625 0.057692307692307696 0.23317307692307693
0 0.9447115384615384 0.6574519230769231 0.0673076923076923 0.22355769230769232
0 0.43149038461538464 0.6454326923076923 0.07451923076923077 0.2548076923076923
0 0.8545673076923077 0.6466346153846154 0.06490384615384616 0.22355769230769232
0 0.021634615384615384 0.6322115384615384 0.04326923076923077 0.22596153846153846
0 0.09134615384615384 0.6322115384615384 0.0673076923076923 0.22596153846153846
0 0.3485576923076923 0.6358173076923077 0.0625 0.21875
0 0.17548076923076922 0.6310096153846154 0.0673076923076923 0.22596153846153846
0 0.2608173076923077 0.6262019230769231 0.0625 0.20192307692307693
0 0.6790865384615384 0.6298076923076923 0.0625 0.20432692307692307
0 0.7608173076923077 0.29447115384615385 0.07692307692307693 0.23076923076923078
0 0.5949519230769231 0.28725961538461536 0.055288461538461536 0.20673076923076922
0 0.6730769230769231 0.28846153846153844 0.06490384615384616 0.24519230769230768
0 0.2644230769230769 0.2764423076923077 0.06490384615384616 0.21394230769230768
0 0.02283653846153846 0.2692307692307692 0.038461538461538464 0.21394230769230768
0 0.9338942307692307 0.28365384615384615 0.0625 0.24519230769230768
0 0.17307692307692307 0.2692307692307692 0.06971153846153846 0.24759615384615385
0 0.5132211538461539 0.27403846153846156 0.0673076923076923 0.23557692307692307
0 0.3449519230769231 0.26802884615384615 0.057692307692307696 0.27163461538461536
0 0.09014423076923077 0.26322115384615385 0.052884615384615384 0.24759615384615385
0 0.4266826923076923 0.26322115384615385 0.0673076923076923 0.24519230769230768
0 0.8485576923076923 0.2704326923076923 0.06490384615384616 0.24519230769230768
0 0.5264423076923077 0.06490384615384616 0.06009615384615385 0.125
0 0.9459134615384616 0.0733173076923077 0.0673076923076923 0.12740384615384615
0 0.43509615384615385 0.06370192307692307 0.06490384615384616 0.125
0 0.18629807692307693 0.06129807692307692 0.06490384615384616 0.12259615384615384
0 0.027644230769230768 0.054086538461538464 0.04567307692307692 0.10817307692307693
0 0.3545673076923077 0.052884615384615384 0.0673076923076923 0.10576923076923077
0 0.1045673076923077 0.046875 0.07451923076923077 0.09375
0 0.2692307692307692 0.042067307692307696 0.0625 0.08413461538461539
0 0.6105769230769231 0.04567307692307692 0.0673076923076923 0.08173076923076923
0 0.6971153846153846 0.042067307692307696 0.057692307692307696 0.07211538461538461
0 0.859375 0.04447115384615385 0.06490384615384616 0.07211538461538461
0 0.7788461538461539 0.040865384615384616 0.055288461538461536 0.0673076923076923