0 0.09615384615384616 0.5649038461538461 0.07451923076923077 0.22355769230769232
0 0.6081730769230769 0.6009615384615384 0.0625 0.22115384615384615
0 0.26322115384615385 0.5733173076923077 0.06971153846153846 0.23557692307692307
0 0.6947115384615384 0.6045673076923077 0.0673076923076923 0.22115384615384615
0 0.026442307692307692 0.5540865384615384 0.052884615384615384 0.22355769230769232
0 0.7788461538461539 0.6057692307692307 0.09375 0.2403846153846154
0 0.18389423076923078 0.5637019230769231 0.07211538461538461 0.23557692307692307
0 0.8605769230769231 0.6117788461538461 0.07932692307692307 0.24519230769230768
0 0.5228365384615384 0.5817307692307693 0.07451923076923077 0.24278846153846154
0 0.35216346153846156 0.5673076923076923 0.07692307692307693 0.25240384615384615
0 0.9555288461538461 0.6081730769230769 0.07451923076923077 0.25961538461538464
0 0.4375 0.5709134615384616 0.07451923076923077 0.23798076923076922
0 0.9603365384615384 0.33774038461538464 0.07451923076923077 0.25721153846153844
0 0.20552884615384615 0.2860576923076923 0.06971153846153846 0.19951923076923078
0 0.8834134615384616 0.32211538461538464 0.07451923076923077 0.25240384615384615
0 0.5384615384615384 0.2980769230769231 0.08413461538461539 0.30288461538461536
0 0.7932692307692307 0.3112980769230769 0.07692307692307693 0.27163461538461536
0 0.6201923076923077 0.29447115384615385 0.07451923076923077 0.24759615384615385
0 0.9555288461538461 0.32091346153846156 0.08413461538461539 0.25240384615384615
0 0.4567307692307692 0.28365384615384615 0.07692307692307693 0.2644230769230769
0 0.11177884615384616 0.25721153846153844 0.06971153846153846 0.24519230769230768
0 0.040865384615384616 0.25240384615384615 0.06490384615384616 0.28365384615384615
0 0.36899038461538464 0.27163461538461536 0.07451923076923077 0.23798076923076922
0 0.7079326923076923 0.28846153846153844 0.07211538461538461 0.21875
0 0.28966346153846156 0.2548076923076923 0.06971153846153846 0.22115384615384615