0 0.5204326923076923 0.5889423076923077 0.06971153846153846 0.22596153846153846
0 0.34615384615384615 0.5913461538461539 0.0625 0.22596153846153846
0 0.1778846153846154 0.5913461538461539 0.0673076923076923 0.23557692307692307
0 0.09014423076923077 0.59375 0.06490384615384616 0.24278846153846154
0 0.02403846153846154 0.5949519230769231 0.04567307692307692 0.25721153846153844
0 0.6887019230769231 0.5673076923076923 0.057692307692307696 0.23557692307692307
0 0.9471153846153846 0.5540865384615384 0.07211538461538461 0.25721153846153844
0 0.7800480769230769 0.5600961538461539 0.0673076923076923 0.24278846153846154
0 0.43509615384615385 0.5709134615384616 0.0673076923076923 0.25961538461538464
0 0.2620192307692308 0.5745192307692307 0.07211538461538461 0.2692307692307692
0 0.8641826923076923 0.5528846153846154 0.07451923076923077 0.25
0 0.609375 0.5612980769230769 0.06490384615384616 0.2620192307692308
0 0.5084134615384616 0.29447115384615385 0.06490384615384616 0.2932692307692308
0 0.4230769230769231 0.29447115384615385 0.0673076923076923 0.28365384615384615
0 0.08413461538461539 0.29447115384615385 0.07692307692307693 0.25961538461538464
0 0.021634615384615384 0.2932692307692308 0.04326923076923077 0.2692307692307692
0 0.59375 0.27283653846153844 0.06490384615384616 0.24759615384615385
0 0.9411057692307693 0.2608173076923077 0.07211538461538461 0.25240384615384615
0 0.7644230769230769 0.265625 0.06971153846153846 0.2692307692307692
0 0.2512019230769231 0.2824519230769231 0.06490384615384616 0.25240384615384615
0 0.6778846153846154 0.265625 0.06490384615384616 0.25721153846153844
0 0.17067307692307693 0.27403846153846156 0.07211538461538461 0.21634615384615385
0 0.3389423076923077 0.26322115384615385 0.0673076923076923 0.22355769230769232
0 0.8533653846153846 0.24158653846153846 0.0625 0.22115384615384615