0 0.1346153846153846 0.7007211538461539 0.07932692307692307 0.24519230769230768
0 0.4735576923076923 0.7211538461538461 0.07692307692307693 0.25961538461538464
0 0.04567307692307692 0.6911057692307693 0.07932692307692307 0.24278846153846154
0 0.390625 0.7127403846153846 0.07451923076923077 0.25
0 0.22235576923076922 0.7007211538461539 0.07932692307692307 0.2644230769230769
0 0.5564903846153846 0.7211538461538461 0.08413461538461539 0.24519230769230768
0 0.8978365384615384 0.7415865384615384 0.07692307692307693 0.23076923076923078
0 0.6418269230769231 0.7223557692307693 0.07692307692307693 0.2403846153846154
0 0.8100961538461539 0.7319711538461539 0.08173076923076923 0.24759615384615385
0 0.9627403846153846 0.7427884615384616 0.05048076923076923 0.23076923076923078
0 0.30649038461538464 0.6862980769230769 0.07211538461538461 0.21153846153846154
0 0.7223557692307693 0.7139423076923077 0.07451923076923077 0.19951923076923078
0 0.42427884615384615 0.3641826923076923 0.08413461538461539 0.22596153846153846
0 0.25841346153846156 0.3449519230769231 0.0889423076923077 0.23798076923076922
0 0.34134615384615385 0.34375 0.07692307692307693 0.24519230769230768
0 0.08533653846153846 0.32211538461538464 0.08413461538461539 0.28365384615384615
0 0.7548076923076923 0.36899038461538464 0.06971153846153846 0.2283653846153846
0 0.6706730769230769 0.3581730769230769 0.08173076923076923 0.2692307692307692
0 0.8413461538461539 0.3701923076923077 0.07451923076923077 0.24759615384615385
0 0.984375 0.3786057692307692 0.026442307692307692 0.21394230769230768
0 0.5036057692307693 0.3425480769230769 0.07932692307692307 0.24278846153846154
0 0.5841346153846154 0.34615384615384615 0.07211538461538461 0.25961538461538464
0 0.9290865384615384 0.3701923076923077 0.07211538461538461 0.2548076923076923
0 0.171875 0.3137019230769231 0.08173076923076923 0.25
0 0.5120192307692307 0.10336538461538461 0.07451923076923077 0.20673076923076922
0 0.09134615384615384 0.08774038461538461 0.08173076923076923 0.17548076923076922
0 0.5997596153846154 0.10336538461538461 0.06971153846153846 0.19230769230769232
0 0.8533653846153846 0.12139423076923077 0.0673076923076923 0.19230769230769232
0 0.9891826923076923 0.13341346153846154 0.016826923076923076 0.19471153846153846
0 0.9350961538461539 0.11899038461538461 0.08173076923076923 0.18028846153846154
0 0.6838942307692307 0.09975961538461539 0.08173076923076923 0.1778846153846154
0 0.7704326923076923 0.10096153846153846 0.0673076923076923 0.16346153846153846
0 0.4266826923076923 0.07692307692307693 0.07451923076923077 0.15384615384615385
0 0.2668269230769231 0.06129807692307692 0.07692307692307693 0.12259615384615384
0 0.17908653846153846 0.056490384615384616 0.06971153846153846 0.11298076923076923
0 0.34375 0.0625 0.07211538461538461 0.125