0 0.1045673076923077 0.7091346153846154 0.0673076923076923 0.21394230769230768
0 0.6213942307692307 0.6875 0.055288461538461536 0.22596153846153846
0 0.7055288461538461 0.6838942307692307 0.06490384615384616 0.22115384615384615
0 0.03245192307692308 0.7043269230769231 0.052884615384615384 0.2283653846153846
0 0.7848557692307693 0.6778846153846154 0.07932692307692307 0.23798076923076922
0 0.19471153846153846 0.6983173076923077 0.06490384615384616 0.23317307692307693
0 0.2764423076923077 0.6911057692307693 0.057692307692307696 0.2283653846153846
0 0.36177884615384615 0.6862980769230769 0.0673076923076923 0.25961538461538464
0 0.5336538461538461 0.6790865384615384 0.0625 0.24278846153846154
0 0.875 0.6670673076923077 0.07451923076923077 0.24759615384615385
0 0.9675480769230769 0.6634615384615384 0.0625 0.24519230769230768
0 0.4495192307692308 0.6730769230769231 0.0625 0.24278846153846154
0 0.5144230769230769 0.4170673076923077 0.07211538461538461 0.27403846153846156
0 0.9435096153846154 0.3894230769230769 0.07211538461538461 0.24519230769230768
0 0.7740384615384616 0.38221153846153844 0.06490384615384616 0.2668269230769231
0 0.8569711538461539 0.3798076923076923 0.0673076923076923 0.24759615384615385
0 0.02283653846153846 0.4074519230769231 0.04567307692307692 0.27163461538461536
0 0.6009615384615384 0.3858173076923077 0.06971153846153846 0.25240384615384615
0 0.18629807692307693 0.39783653846153844 0.0673076923076923 0.25240384615384615
0 0.3485576923076923 0.3894230769230769 0.0625 0.23317307692307693
0 0.4362980769230769 0.3870192307692308 0.0673076923076923 0.2620192307692308
0 0.09615384615384616 0.3954326923076923 0.06971153846153846 0.24519230769230768
0 0.6862980769230769 0.36538461538461536 0.0625 0.22115384615384615
0 0.265625 0.37740384615384615 0.0625 0.22115384615384615
0 0.6694711538461539 0.0733173076923077 0.07451923076923077 0.1466346153846154
0 0.5012019230769231 0.07451923076923077 0.07451923076923077 0.1466346153846154
0 0.5865384615384616 0.0733173076923077 0.07211538461538461 0.1466346153846154
0 0.7536057692307693 0.07091346153846154 0.07932692307692307 0.14182692307692307
0 0.8365384615384616 0.0673076923076923 0.08173076923076923 0.1346153846153846
0 0.9230769230769231 0.06610576923076923 0.08653846153846154 0.13221153846153846
0 0.16706730769230768 0.08173076923076923 0.06490384615384616 0.13942307692307693
0 0.41947115384615385 0.07211538461538461 0.06971153846153846 0.13701923076923078
0 0.25 0.078125 0.0673076923076923 0.13701923076923078
0 0.33533653846153844 0.07451923076923077 0.06971153846153846 0.1346153846153846
0 0.07932692307692307 0.07932692307692307 0.0625 0.12740384615384615
0 0.015625 0.08173076923076923 0.03125 0.12980769230769232