0 0.6814903846153846 0.9411057692307693 0.06971153846153846 0.11298076923076923
0 0.59375 0.9411057692307693 0.06971153846153846 0.11538461538461539
0 0.34975961538461536 0.3173076923076923 0.057692307692307696 0.22115384615384615
0 0.09975961538461539 0.3112980769230769 0.07211538461538461 0.24278846153846154
0 0.18389423076923078 0.31971153846153844 0.0673076923076923 0.24278846153846154
0 0.8677884615384616 0.33774038461538464 0.0673076923076923 0.25
0 0.7824519230769231 0.33533653846153844 0.06009615384615385 0.24278846153846154
0 0.9567307692307693 0.34134615384615385 0.0673076923076923 0.25721153846153844
0 0.2668269230769231 0.33774038461538464 0.0673076923076923 0.2692307692307692
0 0.6117788461538461 0.3545673076923077 0.06490384615384616 0.2764423076923077
0 0.5144230769230769 0.6057692307692307 0.057692307692307696 0.28846153846153844
0 0.02403846153846154 0.6117788461538461 0.04807692307692308 0.2668269230769231
0 0.8617788461538461 0.6298076923076923 0.06009615384615385 0.25721153846153844
0 0.08413461538461539 0.6153846153846154 0.0625 0.2644230769230769
0 0.7716346153846154 0.6310096153846154 0.0673076923076923 0.2620192307692308
0 0.25961538461538464 0.6213942307692307 0.0625 0.24519230769230768
0 0.34615384615384615 0.6418269230769231 0.0625 0.22115384615384615