0 0.9230769230769231 0.31490384615384615 0.08653846153846154 0.28365384615384615
0 0.9771634615384616 0.32211538461538464 0.040865384615384616 0.28846153846153844
0 0.06370192307692307 0.25961538461538464 0.06971153846153846 0.25240384615384615
0 0.22956730769230768 0.2776442307692308 0.07211538461538461 0.2403846153846154
0 0.40384615384615385 0.2920673076923077 0.06490384615384616 0.23557692307692307
0 0.15264423076923078 0.27403846153846156 0.08173076923076923 0.2620192307692308
0 0.828125 0.3245192307692308 0.07692307692307693 0.2644230769230769
0 0.7439903846153846 0.32091346153846156 0.07451923076923077 0.2548076923076923
0 0.31850961538461536 0.2932692307692308 0.07211538461538461 0.2548076923076923
0 0.6622596153846154 0.3233173076923077 0.06490384615384616 0.2283653846153846
0 0.49399038461538464 0.31490384615384615 0.0673076923076923 0.21634615384615385
0 0.5721153846153846 0.33052884615384615 0.0673076923076923 0.22115384615384615
0 0.2824519230769231 0.6478365384615384 0.07211538461538461 0.22596153846153846
0 0.36538461538461536 0.6538461538461539 0.0673076923076923 0.2283653846153846
0 0.8822115384615384 0.6923076923076923 0.07692307692307693 0.2283653846153846
0 0.9579326923076923 0.6995192307692307 0.0673076923076923 0.22596153846153846
0 0.7115384615384616 0.6862980769230769 0.06971153846153846 0.24278846153846154
0 0.203125 0.6526442307692307 0.0889423076923077 0.25
0 0.625 0.6838942307692307 0.07451923076923077 0.25961538461538464
0 0.4543269230769231 0.671875 0.08413461538461539 0.25240384615384615
0 0.7932692307692307 0.6947115384615384 0.07692307692307693 0.23798076923076922
0 0.5396634615384616 0.6802884615384616 0.07211538461538461 0.25
0 0.1201923076923077 0.6502403846153846 0.10096153846153846 0.2764423076923077
0 0.037259615384615384 0.6466346153846154 0.07451923076923077 0.2692307692307692
0 0.4411057692307692 0.9014423076923077 0.07451923076923077 0.18990384615384615
0 0.028846153846153848 0.8798076923076923 0.057692307692307696 0.1778846153846154
0 0.35697115384615385 0.9074519230769231 0.07211538461538461 0.16826923076923078
0 0.9435096153846154 0.9326923076923077 0.06971153846153846 0.12980769230769232
0 0.5288461538461539 0.9158653846153846 0.07692307692307693 0.16346153846153846
0 0.1875 0.8954326923076923 0.07451923076923077 0.16826923076923078
0 0.10216346153846154 0.8918269230769231 0.07211538461538461 0.16346153846153846
0 0.609375 0.9278846153846154 0.07451923076923077 0.13942307692307693
0 0.7764423076923077 0.9350961538461539 0.0673076923076923 0.125
0 0.8629807692307693 0.9387019230769231 0.07211538461538461 0.11778846153846154
0 0.6923076923076923 0.9423076923076923 0.07211538461538461 0.11057692307692307
0 0.2704326923076923 0.921875 0.06490384615384616 0.12740384615384615