0 0.24759615384615385 0.06971153846153846 0.21153846153846154 0.07211538461538461
0 0.28725961538461536 0.8377403846153846 0.21153846153846154 0.07692307692307693
0 0.25961538461538464 0.16105769230769232 0.22596153846153846 0.07451923076923077
0 0.27403846153846156 0.4206730769230769 0.24759615384615385 0.06971153846153846
0 0.265625 0.24639423076923078 0.23798076923076922 0.07692307692307693
0 0.3004807692307692 0.921875 0.23798076923076922 0.07451923076923077
0 0.30649038461538464 0.9807692307692307 0.2283653846153846 0.03365384615384615
0 0.29086538461538464 0.6622596153846154 0.21634615384615385 0.06971153846153846
0 0.2860576923076923 0.5829326923076923 0.2403846153846154 0.07932692307692307
0 0.2860576923076923 0.4951923076923077 0.2283653846153846 0.07692307692307693
0 0.30528846153846156 0.7512019230769231 0.1971153846153846 0.0673076923076923
0 0.2860576923076923 0.3317307692307692 0.20432692307692307 0.06971153846153846
0 0.6177884615384616 0.40384615384615385 0.19471153846153846 0.06490384615384616
0 0.640625 0.7319711538461539 0.21634615384615385 0.07211538461538461
0 0.6286057692307693 0.32211538461538464 0.22596153846153846 0.06971153846153846
0 0.625 0.23798076923076922 0.1971153846153846 0.07692307692307693
0 0.6550480769230769 0.8233173076923077 0.24519230769230768 0.057692307692307696
0 0.6478365384615384 0.6526442307692307 0.28125 0.06490384615384616
0 0.6430288461538461 0.48197115384615385 0.2091346153846154 0.06971153846153846
0 0.6658653846153846 0.9086538461538461 0.23317307692307693 0.0625
0 0.6706730769230769 0.9747596153846154 0.21153846153846154 0.040865384615384616
0 0.6322115384615384 0.14783653846153846 0.2403846153846154 0.07211538461538461
0 0.6286057692307693 0.06850961538461539 0.23798076923076922 0.07692307692307693
0 0.6742788461538461 0.5685096153846154 0.19951923076923078 0.06490384615384616
0 0.8870192307692307 0.46634615384615385 0.22115384615384615 0.0625
0 0.9002403846153846 0.8028846153846154 0.19471153846153846 0.07211538461538461
0 0.9050480769230769 0.9591346153846154 0.18509615384615385 0.04807692307692308
0 0.875 0.036057692307692304 0.20192307692307693 0.07211538461538461
0 0.9110576923076923 0.7211538461538461 0.17307692307692307 0.07211538461538461
0 0.9038461538461539 0.5492788461538461 0.1875 0.06490384615384616
0 0.9098557692307693 0.6286057692307693 0.17548076923076922 0.07932692307692307
0 0.9194711538461539 0.8882211538461539 0.15625 0.07451923076923077
0 0.9098557692307693 0.375 0.1658653846153846 0.0673076923076923
0 0.9026442307692307 0.21033653846153846 0.16346153846153846 0.057692307692307696
0 0.9014423076923077 0.12620192307692307 0.15144230769230768 0.0673076923076923
0 0.9206730769230769 0.2920673076923077 0.1346153846153846 0.055288461538461536