0 0.6959134615384616 0.6670673076923077 0.052884615384615384 0.1875
0 0.026442307692307692 0.6778846153846154 0.05048076923076923 0.2956730769230769
0 0.09495192307692307 0.6706730769230769 0.06971153846153846 0.28846153846153844
0 0.1875 0.6682692307692307 0.0625 0.28125
0 0.9543269230769231 0.6478365384615384 0.057692307692307696 0.2548076923076923
0 0.609375 0.6514423076923077 0.06009615384615385 0.22115384615384615
0 0.7896634615384616 0.6466346153846154 0.06009615384615385 0.23076923076923078
0 0.8665865384615384 0.6454326923076923 0.06971153846153846 0.2548076923076923
0 0.2704326923076923 0.6502403846153846 0.06009615384615385 0.25
0 0.3557692307692308 0.6430288461538461 0.0625 0.22355769230769232
0 0.5252403846153846 0.6358173076923077 0.06009615384615385 0.21394230769230768
0 0.43990384615384615 0.6286057692307693 0.0625 0.23076923076923078
0 0.7019230769230769 0.28846153846153844 0.06009615384615385 0.22355769230769232
0 0.10336538461538461 0.296875 0.06971153846153846 0.22355769230769232
0 0.6177884615384616 0.2848557692307692 0.055288461538461536 0.22355769230769232
0 0.026442307692307692 0.29447115384615385 0.052884615384615384 0.22355769230769232
0 0.27403846153846156 0.2848557692307692 0.055288461538461536 0.25
0 0.18990384615384615 0.2860576923076923 0.06490384615384616 0.23557692307692307
0 0.9627403846153846 0.27283653846153844 0.0625 0.2620192307692308
0 0.8737980769230769 0.27403846153846156 0.07211538461538461 0.23798076923076922
0 0.3581730769230769 0.2800480769230769 0.06490384615384616 0.2620192307692308
0 0.44591346153846156 0.2776442307692308 0.0625 0.2548076923076923
0 0.7860576923076923 0.27163461538461536 0.07451923076923077 0.24519230769230768
0 0.5288461538461539 0.27403846153846156 0.06971153846153846 0.25
0 0.5240384615384616 0.06850961538461539 0.06490384615384616 0.13221153846153846
0 0.9459134615384616 0.05889423076923077 0.06490384615384616 0.11778846153846154
0 0.7836538461538461 0.055288461538461536 0.06009615384615385 0.11057692307692307
0 0.025240384615384616 0.0673076923076923 0.05048076923076923 0.11538461538461539
0 0.43990384615384615 0.06129807692307692 0.06490384615384616 0.11538461538461539
0 0.6129807692307693 0.05889423076923077 0.07692307692307693 0.11778846153846154
0 0.8629807692307693 0.055288461538461536 0.0673076923076923 0.11057692307692307
0 0.1875 0.056490384615384616 0.055288461538461536 0.0985576923076923
0 0.3557692307692308 0.052884615384615384 0.0625 0.09615384615384616
0 0.09975961538461539 0.055288461538461536 0.06009615384615385 0.09134615384615384
0 0.6911057692307693 0.039663461538461536 0.06490384615384616 0.07932692307692307
0 0.26802884615384615 0.04326923076923077 0.06490384615384616 0.07451923076923077
0 0.359375 0.828125 0.057692307692307696 0.055288461538461536