0 0.9158653846153846 0.24519230769230768 0.05048076923076923 0.20192307692307693
0 0.9639423076923077 0.24879807692307693 0.038461538461538464 0.22115384615384615
0 0.8822115384615384 0.25 0.03365384615384615 0.21634615384615385
0 0.40024038461538464 0.2644230769230769 0.057692307692307696 0.22355769230769232
0 0.31850961538461536 0.2692307692307692 0.0673076923076923 0.22355769230769232
0 0.8317307692307693 0.2620192307692308 0.055288461538461536 0.22355769230769232
0 0.4891826923076923 0.2692307692307692 0.0625 0.23076923076923078
0 0.23677884615384615 0.2764423076923077 0.057692307692307696 0.21634615384615385
0 0.7391826923076923 0.26802884615384615 0.0625 0.23076923076923078
0 0.06129807692307692 0.2824519230769231 0.057692307692307696 0.24278846153846154
0 0.5757211538461539 0.27524038461538464 0.0625 0.23557692307692307
0 0.6574519230769231 0.2776442307692308 0.0673076923076923 0.23317307692307693
0 0.9206730769230769 0.6213942307692307 0.0673076923076923 0.24278846153846154
0 0.6634615384615384 0.6286057692307693 0.057692307692307696 0.22355769230769232
0 0.5745192307692307 0.6334134615384616 0.0673076923076923 0.2692307692307692
0 0.8401442307692307 0.6286057692307693 0.06490384615384616 0.23557692307692307
0 0.23317307692307693 0.6454326923076923 0.0673076923076923 0.24278846153846154
0 0.06129807692307692 0.6466346153846154 0.06009615384615385 0.2548076923076923
0 0.1466346153846154 0.6502403846153846 0.0673076923076923 0.24519230769230768
0 0.7512019230769231 0.6526442307692307 0.06971153846153846 0.27163461538461536
0 0.41346153846153844 0.7584134615384616 0.07451923076923077 0.46634615384615385
0 0.3245192307692308 0.8930288461538461 0.055288461538461536 0.1971153846153846
0 0.2403846153846154 0.9014423076923077 0.05048076923076923 0.19230769230769232
0 0.0673076923076923 0.9038461538461539 0.0625 0.1875
0 0.7632211538461539 0.9002403846153846 0.057692307692307696 0.18509615384615385
0 0.6706730769230769 0.9170673076923077 0.055288461538461536 0.15144230769230768