0 0.5120192307692307 0.7055288461538461 0.07451923076923077 0.2956730769230769
0 0.43028846153846156 0.6887019230769231 0.07451923076923077 0.31009615384615385
0 0.030048076923076924 0.6538461538461539 0.06009615384615385 0.2548076923076923
0 0.9519230769230769 0.7019230769230769 0.06971153846153846 0.24278846153846154
0 0.6009615384615384 0.6838942307692307 0.07451923076923077 0.24759615384615385
0 0.6850961538461539 0.6826923076923077 0.06971153846153846 0.25240384615384615
0 0.09014423076923077 0.6514423076923077 0.0673076923076923 0.25721153846153844
0 0.7716346153846154 0.6850961538461539 0.07692307692307693 0.2668269230769231
0 0.265625 0.65625 0.06971153846153846 0.25240384615384615
0 0.8641826923076923 0.6778846153846154 0.06971153846153846 0.2283653846153846
0 0.18028846153846154 0.6394230769230769 0.0673076923076923 0.22596153846153846
0 0.35216346153846156 0.6478365384615384 0.06971153846153846 0.21634615384615385
0 0.4987980769230769 0.4651442307692308 0.9975961538461539 0.90625
0 0.7944711538461539 0.32091346153846156 0.0673076923076923 0.22596153846153846
0 0.9663461538461539 0.3161057692307692 0.0625 0.24278846153846154
0 0.8882211538461539 0.3137019230769231 0.07932692307692307 0.24759615384615385
0 0.7115384615384616 0.28725961538461536 0.07211538461538461 0.2860576923076923
0 0.6201923076923077 0.2776442307692308 0.07451923076923077 0.2956730769230769