0 0.5168269230769231 0.6598557692307693 0.0625 0.2860576923076923
0 0.765625 0.6574519230769231 0.06490384615384616 0.2764423076923077
0 0.5961538461538461 0.6550480769230769 0.052884615384615384 0.23317307692307693
0 0.9471153846153846 0.6502403846153846 0.0625 0.22355769230769232
0 0.4338942307692308 0.6466346153846154 0.06971153846153846 0.2548076923076923
0 0.8569711538461539 0.640625 0.06009615384615385 0.22355769230769232
0 0.021634615384615384 0.640625 0.038461538461538464 0.22355769230769232
0 0.09375 0.6394230769230769 0.0625 0.22596153846153846
0 0.35096153846153844 0.6382211538461539 0.057692307692307696 0.21875
0 0.1778846153846154 0.6370192307692307 0.0625 0.22596153846153846
0 0.26322115384615385 0.6298076923076923 0.06009615384615385 0.20192307692307693
0 0.6814903846153846 0.6262019230769231 0.06009615384615385 0.20432692307692307
0 0.7572115384615384 0.28966346153846156 0.07211538461538461 0.2283653846153846
0 0.5913461538461539 0.2860576923076923 0.052884615384615384 0.20673076923076922
0 0.6694711538461539 0.2860576923076923 0.06009615384615385 0.24519230769230768
0 0.2608173076923077 0.2800480769230769 0.06009615384615385 0.21394230769230768
0 0.019230769230769232 0.2776442307692308 0.03365384615384615 0.21394230769230768
0 0.9302884615384616 0.2764423076923077 0.057692307692307696 0.24519230769230768
0 0.16947115384615385 0.27524038461538464 0.06490384615384616 0.24759615384615385
0 0.5096153846153846 0.27403846153846156 0.0625 0.23557692307692307
0 0.34134615384615385 0.2704326923076923 0.052884615384615384 0.27163461538461536
0 0.08653846153846154 0.2704326923076923 0.04807692307692308 0.24759615384615385
0 0.4230769230769231 0.2644230769230769 0.0625 0.24519230769230768
0 0.8449519230769231 0.2644230769230769 0.06009615384615385 0.24519230769230768
0 0.5192307692307693 0.06490384615384616 0.057692307692307696 0.125
0 0.9387019230769231 0.06610576923076923 0.06490384615384616 0.12740384615384615
0 0.42788461538461536 0.06490384615384616 0.0625 0.125
0 0.17908653846153846 0.06490384615384616 0.06009615384615385 0.125
0 0.021634615384615384 0.057692307692307696 0.038461538461538464 0.11538461538461539
0 0.3473557692307692 0.055288461538461536 0.06490384615384616 0.10576923076923077
0 0.09495192307692307 0.05048076923076923 0.06971153846153846 0.09615384615384616
0 0.25961538461538464 0.04447115384615385 0.057692307692307696 0.08413461538461539
0 0.6021634615384616 0.04326923076923077 0.06490384615384616 0.08173076923076923
0 0.6887019230769231 0.038461538461538464 0.055288461538461536 0.07211538461538461
0 0.8509615384615384 0.038461538461538464 0.0625 0.07211538461538461
0 0.7704326923076923 0.036057692307692304 0.055288461538461536 0.0673076923076923