0 0.3737980769230769 0.8233173076923077 0.22596153846153846 0.06971153846153846
0 0.36899038461538464 0.4855769230769231 0.25240384615384615 0.0625
0 0.36177884615384615 0.056490384615384616 0.21394230769230768 0.06490384615384616
0 0.36778846153846156 0.14903846153846154 0.22355769230769232 0.0673076923076923
0 0.3762019230769231 0.5709134615384616 0.23557692307692307 0.06971153846153846
0 0.38461538461538464 0.9771634615384616 0.22115384615384615 0.040865384615384616
0 0.37259615384615385 0.23197115384615385 0.2403846153846154 0.06490384615384616
0 0.3858173076923077 0.9074519230769231 0.22355769230769232 0.06971153846153846
0 0.3786057692307692 0.4026442307692308 0.1971153846153846 0.057692307692307696
0 0.38461538461538464 0.7379807692307693 0.19951923076923078 0.06009615384615385
0 0.3870192307692308 0.6514423076923077 0.21153846153846154 0.0625
0 0.3894230769230769 0.3173076923076923 0.2091346153846154 0.0625
0 0.7211538461538461 0.40625 0.21875 0.06009615384615385
0 0.7199519230769231 0.31850961538461536 0.22115384615384615 0.07211538461538461
0 0.7331730769230769 0.734375 0.21394230769230768 0.0673076923076923
0 0.7331730769230769 0.4891826923076923 0.24519230769230768 0.0673076923076923
0 0.7295673076923077 0.23557692307692307 0.19951923076923078 0.0673076923076923
0 0.7475961538461539 0.9759615384615384 0.2283653846153846 0.038461538461538464
0 0.7524038461538461 0.9122596153846154 0.21634615384615385 0.055288461538461536
0 0.7391826923076923 0.14903846153846154 0.2403846153846154 0.057692307692307696
0 0.7487980769230769 0.6586538461538461 0.24278846153846154 0.0625
0 0.7524038461538461 0.8245192307692307 0.24759615384615385 0.0673076923076923
0 0.7403846153846154 0.06490384615384616 0.2548076923076923 0.07211538461538461
0 0.7536057692307693 0.5709134615384616 0.2644230769230769 0.06009615384615385
0 0.9411057692307693 0.47475961538461536 0.11298076923076923 0.057692307692307696
0 0.9350961538461539 0.051682692307692304 0.11057692307692307 0.0673076923076923
0 0.9483173076923077 0.734375 0.0985576923076923 0.06490384615384616
0 0.9483173076923077 0.8112980769230769 0.0985576923076923 0.06971153846153846
0 0.9483173076923077 0.5600961538461539 0.10096153846153846 0.0625
0 0.9543269230769231 0.9699519230769231 0.08653846153846154 0.04567307692307692
0 0.9555288461538461 0.640625 0.08413461538461539 0.07451923076923077
0 0.9591346153846154 0.8942307692307693 0.07692307692307693 0.0673076923076923