0 0.8257211538461539 0.7920673076923077 0.09134615384615384 0.052884615384615384
0 0.8209134615384616 0.8774038461538461 0.12259615384615384 0.05048076923076923
0 0.8257211538461539 0.9519230769230769 0.11778846153846154 0.055288461538461536
0 0.7980769230769231 0.5348557692307693 0.1201923076923077 0.05048076923076923
0 0.7884615384615384 0.453125 0.12980769230769232 0.0673076923076923
0 0.7824519230769231 0.625 0.14903846153846154 0.0625
0 0.5985576923076923 0.8064903846153846 0.2956730769230769 0.07692307692307693
0 0.5661057692307693 0.38461538461538464 0.23317307692307693 0.06971153846153846
0 0.5348557692307693 0.042067307692307696 0.24759615384615385 0.07451923076923077
0 0.578125 0.7223557692307693 0.24759615384615385 0.07211538461538461
0 0.5372596153846154 0.13341346153846154 0.2548076923076923 0.07932692307692307
0 0.5384615384615384 0.21033653846153846 0.23557692307692307 0.06971153846153846
0 0.5444711538461539 0.3004807692307692 0.2283653846153846 0.0673076923076923
0 0.5576923076923077 0.6430288461538461 0.23798076923076922 0.07451923076923077
0 0.5432692307692307 0.4735576923076923 0.22596153846153846 0.06971153846153846
0 0.5324519230769231 0.5528846153846154 0.25 0.07932692307692307
0 0.203125 0.39663461538461536 0.21875 0.06490384615384616
0 0.18990384615384615 0.31009615384615385 0.2283653846153846 0.07211538461538461
0 0.21754807692307693 0.7415865384615384 0.2283653846153846 0.06971153846153846
0 0.22956730769230768 0.9098557692307693 0.22596153846153846 0.07692307692307693
0 0.22956730769230768 0.9771634615384616 0.22355769230769232 0.040865384615384616
0 0.21634615384615385 0.8233173076923077 0.24278846153846154 0.07451923076923077
0 0.171875 0.2247596153846154 0.24519230769230768 0.08173076923076923
0 0.16826923076923078 0.14903846153846154 0.24278846153846154 0.09134615384615384
0 0.16105769230769232 0.057692307692307696 0.25961538461538464 0.08173076923076923
0 0.19591346153846154 0.6586538461538461 0.2620192307692308 0.07451923076923077
0 0.18629807692307693 0.5697115384615384 0.25240384615384615 0.07451923076923077
0 0.18269230769230768 0.4879807692307692 0.2668269230769231 0.08173076923076923