0 0.1045673076923077 0.4699519230769231 0.06971153846153846 0.21875
0 0.6177884615384616 0.46274038461538464 0.055288461538461536 0.22355769230769232
0 0.7019230769230769 0.46153846153846156 0.06009615384615385 0.22355769230769232
0 0.026442307692307692 0.47475961538461536 0.052884615384615384 0.22115384615384615
0 0.8737980769230769 0.46033653846153844 0.07211538461538461 0.22596153846153846
0 0.27524038461538464 0.4723557692307692 0.06009615384615385 0.23557692307692307
0 0.78125 0.4651442307692308 0.08173076923076923 0.2403846153846154
0 0.19230769230769232 0.47475961538461536 0.0625 0.23317307692307693
0 0.5288461538461539 0.47596153846153844 0.0673076923076923 0.2403846153846154
0 0.359375 0.4795673076923077 0.06490384615384616 0.25240384615384615
0 0.44471153846153844 0.47836538461538464 0.0673076923076923 0.24278846153846154
0 0.9615384615384616 0.46875 0.0673076923076923 0.2620192307692308
0 0.5288461538461539 0.75 0.0625 0.27884615384615385
0 0.9603365384615384 0.7463942307692307 0.06490384615384616 0.24519230769230768
0 0.7896634615384616 0.7560096153846154 0.06490384615384616 0.2620192307692308
0 0.875 0.7572115384615384 0.057692307692307696 0.25721153846153844
0 0.6129807692307693 0.7632211538461539 0.0625 0.25721153846153844
0 0.4483173076923077 0.7692307692307693 0.06490384615384616 0.2668269230769231
0 0.19110576923076922 0.7752403846153846 0.06009615384615385 0.2403846153846154
0 0.03125 0.7788461538461539 0.052884615384615384 0.27163461538461536
0 0.3605769230769231 0.7740384615384616 0.0673076923076923 0.2403846153846154
0 0.10697115384615384 0.7872596153846154 0.06490384615384616 0.24759615384615385
0 0.2764423076923077 0.7884615384615384 0.0625 0.21394230769230768
0 0.6983173076923077 0.78125 0.06490384615384616 0.21875
0 0.5949519230769231 0.1814903846153846 0.06490384615384616 0.07211538461538461
0 0.9326923076923077 0.17548076923076922 0.07692307692307693 0.07451923076923077
0 0.6862980769230769 0.18028846153846154 0.06009615384615385 0.07932692307692307
0 0.7728365384615384 0.17908653846153846 0.06009615384615385 0.07451923076923077
0 0.5120192307692307 0.18509615384615385 0.057692307692307696 0.07692307692307693
0 0.08653846153846154 0.1935096153846154 0.07211538461538461 0.08173076923076923
0 0.25961538461538464 0.19110576923076922 0.0673076923076923 0.08173076923076923
0 0.3449519230769231 0.18990384615384615 0.06971153846153846 0.08173076923076923
0 0.17548076923076922 0.1935096153846154 0.06971153846153846 0.08173076923076923
0 0.8497596153846154 0.18269230769230768 0.07451923076923077 0.08653846153846154
0 0.021634615384615384 0.1971153846153846 0.04326923076923077 0.08173076923076923
0 0.4266826923076923 0.19110576923076922 0.0625 0.08653846153846154