0 0.28725961538461536 0.036057692307692304 0.21875 0.07211538461538461
0 0.28846153846153844 0.11057692307692307 0.22115384615384615 0.06971153846153846
0 0.2860576923076923 0.19831730769230768 0.23076923076923078 0.07211538461538461
0 0.25961538461538464 0.7956730769230769 0.21634615384615385 0.06490384615384616
0 0.265625 0.7103365384615384 0.23317307692307693 0.0673076923076923
0 0.2824519230769231 0.3701923076923077 0.23317307692307693 0.06971153846153846
0 0.28365384615384615 0.4567307692307692 0.23798076923076922 0.07692307692307693
0 0.28125 0.5420673076923077 0.25240384615384615 0.07451923076923077
0 0.29927884615384615 0.28846153846153844 0.27163461538461536 0.07932692307692307
0 0.27163461538461536 0.8798076923076923 0.23076923076923078 0.06971153846153846
0 0.2692307692307692 0.9579326923076923 0.21875 0.0625
0 0.28966346153846156 0.6286057692307693 0.27403846153846156 0.07692307692307693
0 0.5444711538461539 0.8100961538461539 0.2956730769230769 0.07211538461538461
0 0.5396634615384616 0.9699519230769231 0.2956730769230769 0.055288461538461536
0 0.546875 0.8990384615384616 0.2764423076923077 0.08173076923076923
0 0.5925480769230769 0.04567307692307692 0.25961538461538464 0.08173076923076923
0 0.5949519230769231 0.13581730769230768 0.2548076923076923 0.08173076923076923
0 0.5925480769230769 0.21394230769230768 0.2283653846153846 0.06009615384615385
0 0.5841346153846154 0.390625 0.22596153846153846 0.0673076923076923
0 0.5673076923076923 0.7295673076923077 0.24759615384615385 0.06490384615384616
0 0.5901442307692307 0.30528846153846156 0.27163461538461536 0.0673076923076923
0 0.5805288461538461 0.6454326923076923 0.22596153846153846 0.0625
0 0.5913461538461539 0.47475961538461536 0.22596153846153846 0.0625
0 0.5913461538461539 0.5600961538461539 0.23317307692307693 0.06971153846153846
0 0.9014423076923077 0.6502403846153846 0.18028846153846154 0.06971153846153846
0 0.90625 0.5685096153846154 0.17307692307692307 0.07932692307692307
0 0.9086538461538461 0.4831730769230769 0.1778846153846154 0.08653846153846154
0 0.9122596153846154 0.3942307692307692 0.17067307692307693 0.07211538461538461
0 0.9194711538461539 0.13701923076923078 0.15625 0.08173076923076923
0 0.9158653846153846 0.3076923076923077 0.16346153846153846 0.07211538461538461
0 0.9170673076923077 0.22115384615384615 0.16105769230769232 0.08653846153846154
0 0.9002403846153846 0.7391826923076923 0.17307692307692307 0.06971153846153846
0 0.890625 0.9759615384615384 0.17548076923076922 0.04326923076923077
0 0.8954326923076923 0.8257211538461539 0.17307692307692307 0.07932692307692307
0 0.8930288461538461 0.9074519230769231 0.17067307692307693 0.07932692307692307
0 0.9302884615384616 0.04807692307692308 0.1346153846153846 0.052884615384615384