0 0.29927884615384615 0.1346153846153846 0.24519230769230768 0.07932692307692307
0 0.27884615384615385 0.4735576923076923 0.25961538461538464 0.07692307692307693
0 0.3088942307692308 0.04567307692307692 0.24278846153846154 0.07932692307692307
0 0.28725961538461536 0.390625 0.25 0.07451923076923077
0 0.29927884615384615 0.22235576923076922 0.2644230769230769 0.07932692307692307
0 0.27884615384615385 0.5564903846153846 0.24519230769230768 0.08413461538461539
0 0.25841346153846156 0.8978365384615384 0.23076923076923078 0.07692307692307693
0 0.2776442307692308 0.6418269230769231 0.2403846153846154 0.07692307692307693
0 0.26802884615384615 0.8100961538461539 0.24759615384615385 0.08173076923076923
0 0.25721153846153844 0.9627403846153846 0.23076923076923078 0.05048076923076923
0 0.3137019230769231 0.30649038461538464 0.21153846153846154 0.07211538461538461
0 0.2860576923076923 0.7223557692307693 0.19951923076923078 0.07451923076923077
0 0.6358173076923077 0.42427884615384615 0.22596153846153846 0.08413461538461539
0 0.6550480769230769 0.25841346153846156 0.23798076923076922 0.0889423076923077
0 0.65625 0.34134615384615385 0.24519230769230768 0.07692307692307693
0 0.6778846153846154 0.08533653846153846 0.28365384615384615 0.08413461538461539
0 0.6310096153846154 0.7548076923076923 0.2283653846153846 0.06971153846153846
0 0.6418269230769231 0.6706730769230769 0.2692307692307692 0.08173076923076923
0 0.6298076923076923 0.8413461538461539 0.24759615384615385 0.07451923076923077
0 0.6213942307692307 0.984375 0.21394230769230768 0.026442307692307692
0 0.6574519230769231 0.5036057692307693 0.24278846153846154 0.07932692307692307
0 0.6538461538461539 0.5841346153846154 0.25961538461538464 0.07211538461538461
0 0.6298076923076923 0.9290865384615384 0.2548076923076923 0.07211538461538461
0 0.6862980769230769 0.171875 0.25 0.08173076923076923
0 0.8954326923076923 0.5120192307692307 0.20432692307692307 0.07692307692307693
0 0.9110576923076923 0.09134615384615384 0.17307692307692307 0.08173076923076923
0 0.8966346153846154 0.5997596153846154 0.19230769230769232 0.06971153846153846
0 0.8786057692307693 0.8533653846153846 0.19230769230769232 0.0673076923076923
0 0.8713942307692307 0.9903846153846154 0.19471153846153846 0.014423076923076924
0 0.8810096153846154 0.9350961538461539 0.18028846153846154 0.08173076923076923
0 0.9002403846153846 0.6838942307692307 0.1778846153846154 0.08173076923076923
0 0.8990384615384616 0.7704326923076923 0.16346153846153846 0.0673076923076923
0 0.921875 0.4266826923076923 0.15144230769230768 0.07451923076923077
0 0.9375 0.2668269230769231 0.1201923076923077 0.07692307692307693
0 0.9435096153846154 0.17908653846153846 0.10817307692307693 0.06971153846153846
0 0.9375 0.34375 0.1201923076923077 0.07211538461538461