0 0.9266826923076923 0.2620192307692308 0.07932692307692307 0.2620192307692308
0 0.4951923076923077 0.2932692307692308 0.07932692307692307 0.3004807692307692
0 0.16826923076923078 0.32091346153846156 0.06971153846153846 0.2091346153846154
0 0.7548076923076923 0.2800480769230769 0.08173076923076923 0.27403846153846156
0 0.07692307692307693 0.3425480769230769 0.07211538461538461 0.22115384615384615
0 0.41466346153846156 0.31850961538461536 0.06971153846153846 0.25240384615384615
0 0.33413461538461536 0.33413461538461536 0.06971153846153846 0.23076923076923078
0 0.6706730769230769 0.32091346153846156 0.07211538461538461 0.22115384615384615
0 0.2512019230769231 0.34975961538461536 0.0673076923076923 0.21634615384615385
0 0.7692307692307693 0.65625 0.07932692307692307 0.23317307692307693
0 0.2692307692307692 0.6947115384615384 0.07211538461538461 0.23317307692307693
0 0.6838942307692307 0.6634615384615384 0.07211538461538461 0.24759615384615385
0 0.18269230769230768 0.7103365384615384 0.07451923076923077 0.23798076923076922
0 0.515625 0.6850961538461539 0.07932692307692307 0.2620192307692308
0 0.3545673076923077 0.7007211538461539 0.07451923076923077 0.25721153846153844
0 0.8569711538461539 0.6682692307692307 0.08173076923076923 0.2644230769230769
0 0.0985576923076923 0.7211538461538461 0.06971153846153846 0.24278846153846154
0 0.43990384615384615 0.6971153846153846 0.07211538461538461 0.25721153846153844
0 0.28846153846153844 0.9278846153846154 0.0673076923076923 0.13942307692307693