0 0.18269230769230768 0.5829326923076923 0.07932692307692307 0.2932692307692308
0 0.025240384615384616 0.5697115384615384 0.05048076923076923 0.2932692307692308
0 0.09254807692307693 0.5709134615384616 0.07692307692307693 0.27884615384615385
0 0.9459134615384616 0.6225961538461539 0.0673076923076923 0.24278846153846154
0 0.2644230769230769 0.5709134615384616 0.07211538461538461 0.24759615384615385
0 0.7800480769230769 0.6057692307692307 0.07211538461538461 0.24278846153846154
0 0.8569711538461539 0.609375 0.08173076923076923 0.25961538461538464
0 0.6899038461538461 0.5925480769230769 0.0673076923076923 0.24278846153846154
0 0.3485576923076923 0.5637019230769231 0.07211538461538461 0.2283653846153846
0 0.5204326923076923 0.5721153846153846 0.06490384615384616 0.21634615384615385
0 0.6033653846153846 0.5721153846153846 0.07692307692307693 0.29086538461538464
0 0.43990384615384615 0.5504807692307693 0.07692307692307693 0.24519230769230768
0 0.3004807692307692 0.22115384615384615 0.0673076923076923 0.21394230769230768
0 0.6442307692307693 0.23557692307692307 0.06971153846153846 0.2283653846153846
0 0.7283653846153846 0.2403846153846154 0.07451923076923077 0.23557692307692307
0 0.04807692307692308 0.18990384615384615 0.06971153846153846 0.22115384615384615
0 0.12980769230769232 0.19591346153846154 0.07932692307692307 0.2283653846153846
0 0.21514423076923078 0.20072115384615385 0.07451923076923077 0.24278846153846154
0 0.9038461538461539 0.24278846153846154 0.07451923076923077 0.24519230769230768
0 0.8137019230769231 0.23557692307692307 0.07692307692307693 0.2403846153846154
0 0.38461538461538464 0.20432692307692307 0.07932692307692307 0.2644230769230769
0 0.5552884615384616 0.21514423076923078 0.07692307692307693 0.25240384615384615
0 0.47115384615384615 0.20673076923076922 0.07692307692307693 0.25240384615384615
0 0.9759615384615384 0.2403846153846154 0.04326923076923077 0.2644230769230769
0 0.9807692307692307 0.06370192307692307 0.03365384615384615 0.06009615384615385
0 0.5877403846153846 0.8245192307692307 0.057692307692307696 0.07451923076923077
0 0.25 0.796875 0.057692307692307696 0.07692307692307693
0 0.16466346153846154 0.7908653846153846 0.055288461538461536 0.07211538461538461
0 0.018028846153846152 0.7704326923076923 0.036057692307692304 0.09375
0 0.07932692307692307 0.7740384615384616 0.057692307692307696 0.0985576923076923
0 0.4254807692307692 0.796875 0.052884615384615384 0.09615384615384616
0 0.5060096153846154 0.8028846153846154 0.057692307692307696 0.10096153846153846
0 0.6742788461538461 0.8125 0.0673076923076923 0.11298076923076923
0 0.33533653846153844 0.7764423076923077 0.06490384615384616 0.12980769230769232