0 0.26322115384615385 0.2403846153846154 0.055288461538461536 0.1875
0 0.7788461538461539 0.24519230769230768 0.0625 0.19230769230769232
0 0.8653846153846154 0.24519230769230768 0.0625 0.1971153846153846
0 0.18028846153846154 0.24519230769230768 0.052884615384615384 0.1971153846153846
0 0.5276442307692307 0.24879807692307693 0.05048076923076923 0.19951923076923078
0 0.35216346153846156 0.2512019230769231 0.055288461538461536 0.20432692307692307
0 0.9495192307692307 0.2512019230769231 0.0673076923076923 0.20432692307692307
0 0.4375 0.25240384615384615 0.057692307692307696 0.21153846153846154
0 0.9471153846153846 0.4987980769230769 0.057692307692307696 0.24759615384615385
0 0.5192307692307693 0.5024038461538461 0.052884615384615384 0.28365384615384615
0 0.7776442307692307 0.5048076923076923 0.06009615384615385 0.2644230769230769
0 0.859375 0.5144230769230769 0.06009615384615385 0.2403846153846154
0 0.5985576923076923 0.5168269230769231 0.0625 0.24519230769230768
0 0.35216346153846156 0.5192307692307693 0.06009615384615385 0.23076923076923078
0 0.43509615384615385 0.5192307692307693 0.052884615384615384 0.24519230769230768
0 0.025240384615384616 0.5204326923076923 0.04567307692307692 0.2620192307692308
0 0.18389423076923078 0.5204326923076923 0.055288461538461536 0.23798076923076922
0 0.09615384615384616 0.5240384615384616 0.057692307692307696 0.2403846153846154
0 0.265625 0.5372596153846154 0.055288461538461536 0.21394230769230768
0 0.6875 0.5372596153846154 0.052884615384615384 0.21875
0 0.5925480769230769 0.8689903846153846 0.06490384615384616 0.21875
0 0.9338942307692307 0.8786057692307693 0.07451923076923077 0.23798076923076922
0 0.4326923076923077 0.8798076923076923 0.0625 0.23557692307692307
0 0.5120192307692307 0.8798076923076923 0.0625 0.23557692307692307
0 0.7644230769230769 0.8798076923076923 0.0625 0.23076923076923078
0 0.6778846153846154 0.8810096153846154 0.057692307692307696 0.23557692307692307
0 0.25841346153846156 0.8822115384615384 0.055288461538461536 0.22596153846153846
0 0.1778846153846154 0.8822115384615384 0.0625 0.23076923076923078
0 0.35216346153846156 0.8834134615384616 0.07451923076923077 0.2283653846153846
0 0.8521634615384616 0.8834134615384616 0.06971153846153846 0.2283653846153846
0 0.025240384615384616 0.8858173076923077 0.040865384615384616 0.22355769230769232
0 0.09134615384615384 0.8882211538461539 0.057692307692307696 0.21875
0 0.021634615384615384 0.23677884615384615 0.038461538461538464 0.18028846153846154
0 0.6081730769230769 0.23798076923076922 0.04807692307692308 0.18269230769230768
0 0.6923076923076923 0.23798076923076922 0.052884615384615384 0.1778846153846154
0 0.09495192307692307 0.23798076923076922 0.06009615384615385 0.1875