0 0.9074519230769231 0.23076923076923078 0.057692307692307696 0.20432692307692307
0 0.9555288461538461 0.23317307692307693 0.04567307692307692 0.22355769230769232
0 0.8737980769230769 0.23677884615384615 0.040865384615384616 0.21875
0 0.3918269230769231 0.26802884615384615 0.06490384615384616 0.22596153846153846
0 0.31009615384615385 0.27524038461538464 0.07451923076923077 0.22596153846153846
0 0.8233173076923077 0.2512019230769231 0.0625 0.22596153846153846
0 0.4807692307692308 0.2704326923076923 0.06971153846153846 0.23317307692307693
0 0.2283653846153846 0.2860576923076923 0.06490384615384616 0.21875
0 0.7307692307692307 0.25961538461538464 0.06971153846153846 0.23317307692307693
0 0.054086538461538464 0.2980769230769231 0.06490384615384616 0.24519230769230768
0 0.5673076923076923 0.27283653846153844 0.06971153846153846 0.23798076923076922
0 0.6490384615384616 0.27163461538461536 0.07451923076923077 0.23557692307692307
0 0.9242788461538461 0.6069711538461539 0.07451923076923077 0.24519230769230768
0 0.6682692307692307 0.6225961538461539 0.06490384615384616 0.22596153846153846
0 0.5793269230769231 0.6310096153846154 0.07692307692307693 0.27163461538461536
0 0.84375 0.6165865384615384 0.07211538461538461 0.23798076923076922
0 0.23798076923076922 0.6550480769230769 0.07451923076923077 0.24519230769230768
0 0.0673076923076923 0.6622596153846154 0.06971153846153846 0.25721153846153844
0 0.15264423076923078 0.6622596153846154 0.07451923076923077 0.24759615384615385
0 0.7572115384615384 0.6442307692307693 0.07932692307692307 0.27403846153846156
0 0.421875 0.7620192307692307 0.09134615384615384 0.46875
0 0.33774038461538464 0.8990384615384616 0.0625 0.19951923076923078
0 0.25600961538461536 0.9050480769230769 0.06009615384615385 0.18509615384615385
0 0.0829326923076923 0.9110576923076923 0.06971153846153846 0.17307692307692307
0 0.7764423076923077 0.890625 0.06490384615384616 0.1875
0 0.6850961538461539 0.9098557692307693 0.06009615384615385 0.15384615384615385