0 0.06971153846153846 0.5961538461538461 0.13701923076923078 0.06009615384615385
0 0.703125 0.9447115384615384 0.23317307692307693 0.06971153846153846
0 0.7115384615384616 0.09615384615384616 0.22115384615384615 0.06490384615384616
0 0.703125 0.18028846153846154 0.21153846153846154 0.06490384615384616
0 0.6911057692307693 0.8557692307692307 0.21153846153846154 0.06490384615384616
0 0.6983173076923077 0.35216346153846156 0.22355769230769232 0.0625
0 0.7019230769230769 0.025240384615384616 0.21875 0.038461538461538464
0 0.6875 0.7704326923076923 0.22115384615384615 0.06490384615384616
0 0.6947115384615384 0.43149038461538464 0.23317307692307693 0.0673076923076923
0 0.6899038461538461 0.5180288461538461 0.23076923076923078 0.0625
0 0.6911057692307693 0.26322115384615385 0.1971153846153846 0.06009615384615385
0 0.6766826923076923 0.6826923076923077 0.21634615384615385 0.06971153846153846
0 0.3894230769230769 0.34375 0.16826923076923078 0.06009615384615385
0 0.3449519230769231 0.5865384615384616 0.1875 0.06009615384615385
0 0.3425480769230769 0.6730769230769231 0.22115384615384615 0.0673076923076923
0 0.3473557692307692 0.25721153846153844 0.2091346153846154 0.0673076923076923
0 0.3317307692307692 0.7524038461538461 0.20192307692307693 0.06971153846153846
0 0.3401442307692308 0.16947115384615385 0.20673076923076922 0.07211538461538461
0 0.33413461538461536 0.5084134615384616 0.19230769230769232 0.0625
0 0.33653846153846156 0.016826923076923076 0.21153846153846154 0.03365384615384615
0 0.31850961538461536 0.4206730769230769 0.21153846153846154 0.06490384615384616
0 0.32211538461538464 0.08052884615384616 0.21634615384615385 0.0625
0 0.30528846153846156 0.8401442307692307 0.2283653846153846 0.07451923076923077
0 0.2091346153846154 0.03125 0.15384615384615385 0.0625
0 0.09134615384615384 0.5096153846153846 0.15384615384615385 0.055288461538461536
0 0.09134615384615384 0.25 0.16346153846153846 0.06009615384615385
0 0.08173076923076923 0.34134615384615385 0.15865384615384615 0.06971153846153846