0 0.43990384615384615 0.7271634615384616 0.07932692307692307 0.21875
0 0.27524038461538464 0.7295673076923077 0.07692307692307693 0.2283653846153846
0 0.09975961538461539 0.7415865384615384 0.08413461538461539 0.24278846153846154
0 0.03245192307692308 0.7415865384615384 0.04567307692307692 0.25
0 0.859375 0.6838942307692307 0.07932692307692307 0.2403846153846154
0 0.7716346153846154 0.6899038461538461 0.07211538461538461 0.22596153846153846
0 0.3557692307692308 0.7163461538461539 0.07932692307692307 0.24759615384615385
0 0.5216346153846154 0.703125 0.07451923076923077 0.24759615384615385
0 0.6911057692307693 0.6875 0.07932692307692307 0.25240384615384615
0 0.9447115384615384 0.6706730769230769 0.07692307692307693 0.23317307692307693
0 0.6033653846153846 0.6899038461538461 0.08173076923076923 0.2548076923076923
0 0.18389423076923078 0.7163461538461539 0.07932692307692307 0.2692307692307692
0 0.018028846153846152 0.46274038461538464 0.036057692307692304 0.24278846153846154
0 0.5829326923076923 0.421875 0.07451923076923077 0.2620192307692308
0 0.07211538461538461 0.4567307692307692 0.08413461538461539 0.2764423076923077
0 0.49759615384615385 0.4254807692307692 0.07211538461538461 0.2860576923076923
0 0.8341346153846154 0.3954326923076923 0.07451923076923077 0.28365384615384615
0 0.7451923076923077 0.3942307692307692 0.07451923076923077 0.25721153846153844
0 0.6586538461538461 0.40024038461538464 0.08173076923076923 0.24519230769230768
0 0.9158653846153846 0.37740384615384615 0.07451923076923077 0.23798076923076922
0 0.4074519230769231 0.40384615384615385 0.07692307692307693 0.23798076923076922
0 0.2403846153846154 0.4110576923076923 0.08173076923076923 0.22355769230769232
0 0.1466346153846154 0.4170673076923077 0.0673076923076923 0.22596153846153846
0 0.3233173076923077 0.40024038461538464 0.07451923076923077 0.2283653846153846
0 0.47475961538461536 0.08774038461538461 0.07692307692307693 0.17307692307692307
0 0.5552884615384616 0.08052884615384616 0.09615384615384616 0.16105769230769232
0 0.29447115384615385 0.09254807692307693 0.07932692307692307 0.15865384615384615
0 0.04326923076923077 0.11177884615384616 0.07932692307692307 0.16105769230769232
0 0.8088942307692307 0.0673076923076923 0.08413461538461539 0.1346153846153846
0 0.6418269230769231 0.07211538461538461 0.07211538461538461 0.14423076923076922
0 0.7271634615384616 0.06971153846153846 0.07932692307692307 0.13942307692307693
0 0.8966346153846154 0.06370192307692307 0.08173076923076923 0.12740384615384615
0 0.21033653846153846 0.09495192307692307 0.0889423076923077 0.15144230769230768
0 0.12740384615384615 0.10216346153846154 0.07211538461538461 0.15384615384615385
0 0.38341346153846156 0.07091346153846154 0.07451923076923077 0.12740384615384615