0 0.9507211538461539 0.5625 0.08173076923076923 0.2548076923076923
0 0.5240384615384616 0.5913461538461539 0.08413461538461539 0.2860576923076923
0 0.7776442307692307 0.5637019230769231 0.0889423076923077 0.2764423076923077
0 0.8557692307692307 0.5552884615384616 0.09134615384615384 0.25
0 0.6069711538461539 0.5745192307692307 0.07451923076923077 0.23798076923076922
0 0.03245192307692308 0.6213942307692307 0.06490384615384616 0.25961538461538464
0 0.10096153846153846 0.6141826923076923 0.07932692307692307 0.23076923076923078
0 0.4387019230769231 0.5841346153846154 0.07692307692307693 0.25240384615384615
0 0.19110576923076922 0.6045673076923077 0.07932692307692307 0.24519230769230768
0 0.35697115384615385 0.5889423076923077 0.07451923076923077 0.23317307692307693
0 0.2704326923076923 0.5805288461538461 0.07692307692307693 0.22115384615384615
0 0.6923076923076923 0.5420673076923077 0.07211538461538461 0.22355769230769232
0 0.5685096153846154 0.22115384615384615 0.07932692307692307 0.22115384615384615
0 0.6490384615384616 0.20673076923076922 0.08173076923076923 0.24519230769230768
0 0.7355769230769231 0.19951923076923078 0.08413461538461539 0.23557692307692307
0 0.23557692307692307 0.2403846153846154 0.07692307692307693 0.23557692307692307
0 0.013221153846153846 0.25841346153846156 0.026442307692307692 0.2283653846153846
0 0.48197115384615385 0.21153846153846154 0.08413461538461539 0.2644230769230769
0 0.3269230769230769 0.21995192307692307 0.09615384615384616 0.2668269230769231
0 0.06370192307692307 0.24158653846153846 0.07692307692307693 0.24519230769230768
0 0.8197115384615384 0.17427884615384615 0.08653846153846154 0.2668269230769231
0 0.1502403846153846 0.23317307692307693 0.08173076923076923 0.25240384615384615
0 0.9110576923076923 0.16346153846153846 0.07692307692307693 0.25721153846153844
0 0.40384615384615385 0.20432692307692307 0.07932692307692307 0.2644230769230769
0 0.12139423076923077 0.8521634615384616 0.0673076923076923 0.08173076923076923
0 0.04807692307692308 0.8581730769230769 0.04326923076923077 0.07932692307692307
0 0.6274038461538461 0.8040865384615384 0.06009615384615385 0.08413461538461539
0 0.2932692307692308 0.8305288461538461 0.0625 0.09375
0 0.7211538461538461 0.7932692307692307 0.05048076923076923 0.08173076923076923
0 0.8004807692307693 0.7836538461538461 0.07451923076923077 0.09375
0 0.8882211538461539 0.7740384615384616 0.07451923076923077 0.0985576923076923
0 0.20673076923076922 0.828125 0.052884615384615384 0.0985576923076923
0 0.5444711538461539 0.7980769230769231 0.07451923076923077 0.11057692307692307
0 0.9675480769230769 0.7596153846153846 0.06009615384615385 0.11057692307692307
0 0.3737980769230769 0.8100961538461539 0.055288461538461536 0.10336538461538461
0 0.46153846153846156 0.8004807692307693 0.052884615384615384 0.10336538461538461