0 0.7115384615384616 0.46875 0.22596153846153846 0.06490384615384616
0 0.7103365384615384 0.6430288461538461 0.22115384615384615 0.0625
0 0.7199519230769231 0.8966346153846154 0.2403846153846154 0.07932692307692307
0 0.7199519230769231 0.9711538461538461 0.25240384615384615 0.04807692307692308
0 0.7127403846153846 0.8125 0.24278846153846154 0.06971153846153846
0 0.6911057692307693 0.3004807692307692 0.2403846153846154 0.06009615384615385
0 0.6971153846153846 0.5576923076923077 0.25721153846153844 0.0673076923076923
0 0.6814903846153846 0.1310096153846154 0.25240384615384615 0.07692307692307693
0 0.6826923076923077 0.2127403846153846 0.24759615384615385 0.0673076923076923
0 0.6754807692307693 0.040865384615384616 0.25961538461538464 0.07451923076923077
0 0.6959134615384616 0.7259615384615384 0.27163461538461536 0.07692307692307693
0 0.6814903846153846 0.38461538461538464 0.2764423076923077 0.06971153846153846
0 0.4182692307692308 0.4855769230769231 0.2956730769230769 0.0673076923076923
0 0.4182692307692308 0.5697115384615384 0.2764423076923077 0.0625
0 0.421875 0.9747596153846154 0.27163461538461536 0.04567307692307692
0 0.3858173076923077 0.051682692307692304 0.24759615384615385 0.0673076923076923
0 0.3954326923076923 0.39783653846153844 0.24759615384615385 0.0673076923076923
0 0.390625 0.3137019230769231 0.24759615384615385 0.0625
0 0.3870192307692308 0.22956730769230768 0.2764423076923077 0.07211538461538461
0 0.4098557692307692 0.9170673076923077 0.25961538461538464 0.0625
0 0.4026442307692308 0.7355769230769231 0.25721153846153844 0.06971153846153846
0 0.38461538461538464 0.6526442307692307 0.21875 0.06490384615384616
0 0.3641826923076923 0.13942307692307693 0.22355769230769232 0.06490384615384616
0 0.3858173076923077 0.8269230769230769 0.23798076923076922 0.07211538461538461
0 0.07091346153846154 0.32572115384615385 0.14182692307692307 0.07451923076923077
0 0.07211538461538461 0.41466346153846156 0.14423076923076922 0.07451923076923077
0 0.0625 0.06490384615384616 0.125 0.07692307692307693
0 0.06370192307692307 0.2439903846153846 0.12740384615384615 0.07451923076923077
0 0.06129807692307692 0.15264423076923078 0.12259615384615384 0.06971153846153846