0 0.2692307692307692 0.15384615384615385 0.1875 0.08413461538461539
0 0.22716346153846154 0.6598557692307693 0.19471153846153846 0.07932692307692307
0 0.23557692307692307 0.5745192307692307 0.18509615384615385 0.0625
0 0.4723557692307692 0.5889423076923077 0.27403846153846156 0.08653846153846154
0 0.5264423076923077 0.021634615384615384 0.25 0.04326923076923077
0 0.4831730769230769 0.5012019230769231 0.28125 0.07692307692307693
0 0.453125 0.8425480769230769 0.2932692307692308 0.08413461538461539
0 0.5324519230769231 0.07091346153846154 0.2548076923076923 0.07451923076923077
0 0.48197115384615385 0.6694711538461539 0.25240384615384615 0.08413461538461539
0 0.47716346153846156 0.7560096153846154 0.2644230769230769 0.07932692307692307
0 0.4639423076923077 0.9266826923076923 0.25240384615384615 0.07932692307692307
0 0.5144230769230769 0.4182692307692308 0.23076923076923078 0.07451923076923077
0 0.5408653846153846 0.15985576923076922 0.23076923076923078 0.06971153846153846
0 0.5348557692307693 0.25600961538461536 0.2283653846153846 0.08413461538461539
0 0.5348557692307693 0.33653846153846156 0.2283653846153846 0.08173076923076923
0 0.8617788461538461 0.5372596153846154 0.25721153846153844 0.08653846153846154
0 0.8689903846153846 0.45072115384615385 0.25721153846153844 0.08413461538461539
0 0.8774038461538461 0.36538461538461536 0.2403846153846154 0.08653846153846154
0 0.8894230769230769 0.10576923076923077 0.21634615384615385 0.08173076923076923
0 0.8557692307692307 0.7043269230769231 0.2548076923076923 0.08413461538461539
0 0.8629807692307693 0.6262019230769231 0.2548076923076923 0.0889423076923077
0 0.8846153846153846 0.19591346153846154 0.22596153846153846 0.09375
0 0.8413461538461539 0.8798076923076923 0.25 0.0889423076923077
0 0.8485576923076923 0.7992788461538461 0.25240384615384615 0.08653846153846154
0 0.8353365384615384 0.9615384615384616 0.25240384615384615 0.07211538461538461
0 0.8834134615384616 0.2824519230769231 0.2283653846153846 0.09375
0 0.22716346153846154 0.4026442307692308 0.1466346153846154 0.07211538461538461
0 0.20673076923076922 0.7403846153846154 0.16826923076923078 0.06971153846153846
0 0.2512019230769231 0.23677884615384615 0.16105769230769232 0.07692307692307693
0 0.19591346153846154 0.9146634615384616 0.17548076923076922 0.057692307692307696
0 0.27884615384615385 0.010817307692307692 0.18269230769230768 0.021634615384615384
0 0.25 0.32572115384615385 0.18269230769230768 0.07692307692307693
0 0.23798076923076922 0.48677884615384615 0.18269230769230768 0.07211538461538461
0 0.27524038461538464 0.0673076923076923 0.18269230769230768 0.07692307692307693
0 0.20793269230769232 0.8257211538461539 0.18269230769230768 0.06490384615384616