0 0.2091346153846154 0.8497596153846154 0.19230769230769232 0.07211538461538461
0 0.27283653846153844 0.16947115384615385 0.20192307692307693 0.07451923076923077
0 0.22235576923076922 0.7632211538461539 0.20432692307692307 0.07932692307692307
0 0.23798076923076922 0.5925480769230769 0.20673076923076922 0.07451923076923077
0 0.2704326923076923 0.25721153846153844 0.20192307692307693 0.07692307692307693
0 0.2980769230769231 0.02403846153846154 0.22596153846153846 0.04807692307692308
0 0.26322115384615385 0.4254807692307692 0.22596153846153846 0.08413461538461539
0 0.25600961538461536 0.5072115384615384 0.22596153846153846 0.08173076923076923
0 0.2920673076923077 0.08533653846153846 0.22596153846153846 0.07932692307692307
0 0.24879807692307693 0.6754807692307693 0.24278846153846154 0.0889423076923077
0 0.2860576923076923 0.3401442307692308 0.25240384615384615 0.08173076923076923
0 0.5492788461538461 0.18870192307692307 0.2932692307692308 0.08173076923076923
0 0.5673076923076923 0.03245192307692308 0.2932692307692308 0.06490384615384616
0 0.5637019230769231 0.10096153846153846 0.27884615384615385 0.0889423076923077
0 0.5240384615384616 0.6165865384615384 0.2283653846153846 0.07692307692307693
0 0.4963942307692308 0.9567307692307693 0.2548076923076923 0.08173076923076923
0 0.5084134615384616 0.8701923076923077 0.2548076923076923 0.08413461538461539
0 0.5168269230769231 0.7884615384615384 0.24519230769230768 0.08173076923076923
0 0.5264423076923077 0.7007211538461539 0.24519230769230768 0.07451923076923077
0 0.5637019230769231 0.27884615384615385 0.24278846153846154 0.07932692307692307
0 0.5588942307692307 0.36177884615384615 0.23317307692307693 0.07932692307692307
0 0.546875 0.53125 0.21394230769230768 0.07692307692307693
0 0.5649038461538461 0.44711538461538464 0.22115384615384615 0.07451923076923077
0 0.8918269230769231 0.40384615384615385 0.21153846153846154 0.08173076923076923
0 0.8858173076923077 0.5721153846153846 0.21875 0.08653846153846154
0 0.9002403846153846 0.32211538461538464 0.19471153846153846 0.08173076923076923
0 0.8930288461538461 0.4879807692307692 0.2091346153846154 0.08653846153846154
0 0.8810096153846154 0.6586538461538461 0.21394230769230768 0.07932692307692307
0 0.8725961538461539 0.7451923076923077 0.21394230769230768 0.07932692307692307
0 0.8581730769230769 0.9158653846153846 0.21394230769230768 0.09134615384615384
0 0.8509615384615384 0.9807692307692307 0.21634615384615385 0.03365384615384615
0 0.9134615384615384 0.06490384615384616 0.16826923076923078 0.07211538461538461
0 0.9110576923076923 0.14543269230769232 0.17307692307692307 0.07932692307692307
0 0.90625 0.23317307692307693 0.18269230769230768 0.07692307692307693
0 0.875 0.8317307692307693 0.19471153846153846 0.08413461538461539
0 0.19951923076923078 0.9290865384615384 0.18269230769230768 0.07451923076923077