0 0.5913461538461539 0.5120192307692307 0.22596153846153846 0.07451923076923077
0 0.5769230769230769 0.33774038461538464 0.22596153846153846 0.0673076923076923
0 0.5637019230769231 0.17067307692307693 0.23557692307692307 0.07211538461538461
0 0.5576923076923077 0.0829326923076923 0.24278846153846154 0.06971153846153846
0 0.5540865384615384 0.021634615384615384 0.2620192307692308 0.04326923076923077
0 0.5829326923076923 0.6826923076923077 0.23557692307692307 0.0625
0 0.5925480769230769 0.9399038461538461 0.25721153846153844 0.07692307692307693
0 0.5841346153846154 0.7740384615384616 0.24278846153846154 0.07211538461538461
0 0.5649038461538461 0.42908653846153844 0.25961538461538464 0.07211538461538461
0 0.5528846153846154 0.25600961538461536 0.2692307692307692 0.07692307692307693
0 0.5853365384615384 0.8581730769230769 0.25 0.07692307692307693
0 0.5709134615384616 0.6033653846153846 0.2620192307692308 0.06971153846153846
0 0.2956730769230769 0.5264423076923077 0.2932692307692308 0.06971153846153846
0 0.28846153846153844 0.4411057692307692 0.28365384615384615 0.07211538461538461
0 0.25841346153846156 0.10336538461538461 0.25961538461538464 0.08173076923076923
0 0.2512019230769231 0.03485576923076923 0.2668269230769231 0.055288461538461536
0 0.2824519230769231 0.6141826923076923 0.24759615384615385 0.0673076923076923
0 0.3004807692307692 0.9603365384615384 0.25240384615384615 0.07451923076923077
0 0.28966346153846156 0.7836538461538461 0.2692307692307692 0.07451923076923077
0 0.2620192307692308 0.2704326923076923 0.25240384615384615 0.0673076923076923
0 0.28125 0.6983173076923077 0.25721153846153844 0.06971153846153846
0 0.24639423076923078 0.19230769230769232 0.21634615384615385 0.07692307692307693
0 0.25 0.3605769230769231 0.22355769230769232 0.07211538461538461
0 0.27283653846153844 0.8737980769230769 0.22115384615384615 0.0673076923076923