0 0.5540865384615384 0.051682692307692304 0.21875 0.06009615384615385
0 0.5516826923076923 0.22716346153846154 0.2620192307692308 0.06009615384615385
0 0.5432692307692307 0.14302884615384615 0.22596153846153846 0.06009615384615385
0 0.5432692307692307 0.8185096153846154 0.22115384615384615 0.06971153846153846
0 0.5420673076923077 0.9747596153846154 0.21875 0.040865384615384616
0 0.5408653846153846 0.9026442307692307 0.22596153846153846 0.06490384615384616
0 0.5360576923076923 0.5625 0.24519230769230768 0.0673076923076923
0 0.5348557692307693 0.6454326923076923 0.20432692307692307 0.06009615384615385
0 0.5324519230769231 0.4807692307692308 0.22355769230769232 0.057692307692307696
0 0.5324519230769231 0.4026442307692308 0.2283653846153846 0.055288461538461536
0 0.5300480769230769 0.7331730769230769 0.19951923076923078 0.057692307692307696
0 0.5204326923076923 0.31490384615384615 0.20432692307692307 0.0625
0 0.20072115384615385 0.40384615384615385 0.22355769230769232 0.052884615384615384
0 0.18389423076923078 0.8233173076923077 0.23317307692307693 0.06490384615384616
0 0.1778846153846154 0.23918269230769232 0.21153846153846154 0.06490384615384616
0 0.17668269230769232 0.7355769230769231 0.2091346153846154 0.057692307692307696
0 0.17427884615384615 0.3233173076923077 0.23798076923076922 0.06490384615384616
0 0.17307692307692307 0.48677884615384615 0.24519230769230768 0.06009615384615385
0 0.171875 0.06971153846153846 0.2620192307692308 0.0625
0 0.171875 0.9795673076923077 0.20432692307692307 0.03125
0 0.1622596153846154 0.15144230769230768 0.2091346153846154 0.057692307692307696
0 0.1622596153846154 0.9098557692307693 0.23798076923076922 0.055288461538461536
0 0.14783653846153846 0.5685096153846154 0.2091346153846154 0.055288461538461536
0 0.7992788461538461 0.9807692307692307 0.10817307692307693 0.03365384615384615
0 0.7956730769230769 0.3942307692307692 0.11057692307692307 0.052884615384615384
0 0.7932692307692307 0.30528846153846156 0.1201923076923077 0.052884615384615384
0 0.7920673076923077 0.90625 0.10817307692307693 0.057692307692307696
0 0.7896634615384616 0.22115384615384615 0.12740384615384615 0.0625
0 0.7884615384615384 0.734375 0.12980769230769232 0.06009615384615385
0 0.7872596153846154 0.13822115384615385 0.13701923076923078 0.055288461538461536
0 0.7860576923076923 0.8209134615384616 0.12980769230769232 0.05048076923076923
0 0.7836538461538461 0.051682692307692304 0.12980769230769232 0.06009615384615385
0 0.7824519230769231 0.5612980769230769 0.1466346153846154 0.05048076923076923
0 0.78125 0.6490384615384616 0.12980769230769232 0.057692307692307696
0 0.7800480769230769 0.4795673076923077 0.15144230769230768 0.06490384615384616