0 0.234375 0.18028846153846154 0.18269230769230768 0.06971153846153846
0 0.24519230769230768 0.6875 0.18990384615384615 0.06490384615384616
0 0.2439903846153846 0.6021634615384616 0.18269230769230768 0.04807692307692308
0 0.48197115384615385 0.5913461538461539 0.2692307692307692 0.0673076923076923
0 0.47475961538461536 0.016826923076923076 0.24519230769230768 0.03365384615384615
0 0.4831730769230769 0.5024038461538461 0.27884615384615385 0.057692307692307696
0 0.4891826923076923 0.8449519230769231 0.28846153846153844 0.06490384615384616
0 0.4879807692307692 0.06971153846153846 0.25 0.057692307692307696
0 0.4987980769230769 0.6706730769230769 0.24759615384615385 0.0673076923076923
0 0.5048076923076923 0.7572115384615384 0.25961538461538464 0.0625
0 0.5084134615384616 0.9278846153846154 0.24759615384615385 0.0625
0 0.5060096153846154 0.4170673076923077 0.22596153846153846 0.06009615384615385
0 0.5048076923076923 0.15745192307692307 0.2283653846153846 0.055288461538461536
0 0.5084134615384616 0.2536057692307692 0.22355769230769232 0.06971153846153846
0 0.5180288461538461 0.33413461538461536 0.22355769230769232 0.0673076923076923
0 0.8641826923076923 0.5 0.25240384615384615 0.06971153846153846
0 0.8653846153846154 0.4110576923076923 0.25721153846153844 0.06490384615384616
0 0.8641826923076923 0.32572115384615385 0.23798076923076922 0.0673076923076923
0 0.8641826923076923 0.06610576923076923 0.24759615384615385 0.0625
0 0.8737980769230769 0.6670673076923077 0.24759615384615385 0.06971153846153846
0 0.8737980769230769 0.5877403846153846 0.25 0.07211538461538461
0 0.8665865384615384 0.15625 0.25 0.07451923076923077
0 0.8762019230769231 0.8425480769230769 0.24278846153846154 0.07451923076923077
0 0.8762019230769231 0.7620192307692307 0.24278846153846154 0.07211538461538461
0 0.8786057692307693 0.9302884615384616 0.23798076923076922 0.0673076923076923
0 0.8701923076923077 0.24278846153846154 0.24519230769230768 0.07451923076923077
0 0.21875 0.43149038461538464 0.14182692307692307 0.0625
0 0.23317307692307693 0.7704326923076923 0.16346153846153846 0.057692307692307696
0 0.22596153846153846 0.2644230769230769 0.15625 0.06490384615384616
0 0.2403846153846154 0.9447115384615384 0.17307692307692307 0.04567307692307692
0 0.22716346153846154 0.02283653846153846 0.1778846153846154 0.03365384615384615
0 0.23317307692307693 0.35336538461538464 0.1778846153846154 0.06490384615384616
0 0.23798076923076922 0.5144230769230769 0.1778846153846154 0.06009615384615385
0 0.23076923076923078 0.09375 0.1778846153846154 0.06490384615384616
0 0.2439903846153846 0.8545673076923077 0.1778846153846154 0.052884615384615384