0 0.06009615384615385 0.75 0.06971153846153846 0.22115384615384615
0 0.9807692307692307 0.7391826923076923 0.03365384615384615 0.21394230769230768
0 0.15144230769230768 0.7355769230769231 0.0625 0.21153846153846154
0 0.5745192307692307 0.7319711538461539 0.0673076923076923 0.23317307692307693
0 0.24278846153846154 0.7271634615384616 0.06490384615384616 0.24278846153846154
0 0.8245192307692307 0.7307692307692307 0.057692307692307696 0.20192307692307693
0 0.6550480769230769 0.7283653846153846 0.055288461538461536 0.21634615384615385
0 0.4855769230769231 0.7247596153846154 0.0625 0.2283653846153846
0 0.7403846153846154 0.7259615384615384 0.057692307692307696 0.19230769230769232
0 0.31971153846153844 0.71875 0.0625 0.21153846153846154
0 0.3245192307692308 0.38461538461538464 0.06009615384615385 0.21153846153846154
0 0.4110576923076923 0.38221153846153844 0.0625 0.19230769230769232
0 0.9831730769230769 0.37740384615384615 0.028846153846153848 0.20673076923076922
0 0.7403846153846154 0.3786057692307692 0.0625 0.20432692307692307
0 0.24278846153846154 0.375 0.06490384615384616 0.21394230769230768
0 0.49399038461538464 0.3737980769230769 0.06490384615384616 0.2283653846153846
0 0.8317307692307693 0.3701923076923077 0.0673076923076923 0.1971153846153846
0 0.15384615384615385 0.35697115384615385 0.06490384615384616 0.2283653846153846
0 0.5769230769230769 0.35336538461538464 0.057692307692307696 0.21634615384615385
0 0.7403846153846154 0.11298076923076923 0.057692307692307696 0.19230769230769232
0 0.6478365384615384 0.10096153846153846 0.06971153846153846 0.19230769230769232
0 0.4855769230769231 0.0985576923076923 0.04326923076923077 0.19230769230769232
0 0.9098557692307693 0.09134615384615384 0.055288461538461536 0.1778846153846154
0 0.5721153846153846 0.09134615384615384 0.052884615384615384 0.1778846153846154
0 0.39783653846153844 0.08774038461538461 0.06009615384615385 0.17067307692307693