0 0.5661057692307693 0.2536057692307692 0.06490384615384616 0.21153846153846154
0 0.7355769230769231 0.25721153846153844 0.07211538461538461 0.21875
0 0.6514423076923077 0.2644230769230769 0.06490384615384616 0.2403846153846154
0 0.48677884615384615 0.26802884615384615 0.07211538461538461 0.23317307692307693
0 0.9783653846153846 0.2644230769230769 0.036057692307692304 0.24278846153846154
0 0.1466346153846154 0.27884615384615385 0.06971153846153846 0.23798076923076922
0 0.23557692307692307 0.2776442307692308 0.06490384615384616 0.21875
0 0.06009615384615385 0.28125 0.06971153846153846 0.22596153846153846
0 0.9086538461538461 0.2692307692307692 0.06490384615384616 0.23076923076923078
0 0.8233173076923077 0.27403846153846156 0.07211538461538461 0.24759615384615385
0 0.31490384615384615 0.2860576923076923 0.06971153846153846 0.23798076923076922
0 0.4014423076923077 0.2860576923076923 0.06971153846153846 0.24278846153846154
0 0.9819711538461539 0.5384615384615384 0.03125 0.2548076923076923
0 0.4963942307692308 0.5480769230769231 0.0625 0.28365384615384615
0 0.15745192307692307 0.5540865384615384 0.0625 0.28365384615384615
0 0.41466346153846156 0.5504807692307693 0.0673076923076923 0.2620192307692308
0 0.24879807692307693 0.5685096153846154 0.07211538461538461 0.24759615384615385
0 0.9314903846153846 0.5576923076923077 0.057692307692307696 0.22596153846153846
0 0.33533653846153844 0.5721153846153846 0.07211538461538461 0.23557692307692307
0 0.06850961538461539 0.5805288461538461 0.0625 0.24278846153846154
0 0.5889423076923077 0.5793269230769231 0.06490384615384616 0.2091346153846154
0 0.8401442307692307 0.5769230769230769 0.057692307692307696 0.2091346153846154
0 0.6682692307692307 0.5877403846153846 0.06490384615384616 0.21394230769230768
0 0.7524038461538461 0.59375 0.057692307692307696 0.18269230769230768
0 0.6742788461538461 0.9002403846153846 0.0625 0.18990384615384615
0 0.5084134615384616 0.9038461538461539 0.07211538461538461 0.1875
0 0.4170673076923077 0.9098557692307693 0.07211538461538461 0.1778846153846154
0 0.5913461538461539 0.90625 0.06971153846153846 0.18028846153846154
0 0.07572115384615384 0.9098557692307693 0.07932692307692307 0.17548076923076922
0 0.9350961538461539 0.9014423076923077 0.06971153846153846 0.1778846153846154
0 0.33653846153846156 0.9110576923076923 0.0625 0.17307692307692307
0 0.8461538461538461 0.9038461538461539 0.07451923076923077 0.1778846153846154
0 0.2439903846153846 0.9122596153846154 0.07451923076923077 0.17067307692307693
0 0.1622596153846154 0.9122596153846154 0.07932692307692307 0.17067307692307693
0 0.7668269230769231 0.9098557692307693 0.07451923076923077 0.16826923076923078