0 0.109375 0.7776442307692307 0.06971153846153846 0.18990384615384615
0 0.6177884615384616 0.7223557692307693 0.07211538461538461 0.3004807692307692
0 0.7932692307692307 0.7115384615384616 0.06009615384615385 0.24519230769230768
0 0.8725961538461539 0.7067307692307693 0.07692307692307693 0.25240384615384615
0 0.9639423076923077 0.7007211538461539 0.0673076923076923 0.2403846153846154
0 0.1935096153846154 0.7427884615384616 0.0625 0.25240384615384615
0 0.7067307692307693 0.7127403846153846 0.06490384615384616 0.23798076923076922
0 0.27884615384615385 0.7331730769230769 0.06971153846153846 0.24759615384615385
0 0.3641826923076923 0.7247596153846154 0.0673076923076923 0.22115384615384615
0 0.5276442307692307 0.7043269230769231 0.06009615384615385 0.21634615384615385
0 0.4483173076923077 0.6971153846153846 0.07451923076923077 0.25240384615384615
0 0.6105769230769231 0.35697115384615385 0.08413461538461539 0.23798076923076922
0 0.09615384615384616 0.3786057692307692 0.07451923076923077 0.2283653846153846
0 0.6995192307692307 0.34975961538461536 0.06490384615384616 0.2283653846153846
0 0.6141826923076923 0.35216346153846156 0.0625 0.2283653846153846
0 0.026442307692307692 0.3870192307692308 0.052884615384615384 0.22115384615384615
0 0.78125 0.3449519230769231 0.07932692307692307 0.2403846153846154
0 0.2692307692307692 0.3701923076923077 0.06490384615384616 0.24278846153846154
0 0.18629807692307693 0.37259615384615385 0.07211538461538461 0.23798076923076922
0 0.8617788461538461 0.3317307692307692 0.09375 0.25
0 0.35096153846153844 0.359375 0.07211538461538461 0.2644230769230769
0 0.5228365384615384 0.3485576923076923 0.07932692307692307 0.24519230769230768
0 0.9579326923076923 0.3245192307692308 0.06971153846153846 0.24759615384615385
0 0.4411057692307692 0.34615384615384615 0.07211538461538461 0.25721153846153844
0 0.8533653846153846 0.10336538461538461 0.07211538461538461 0.20673076923076922
0 0.5048076923076923 0.1045673076923077 0.05048076923076923 0.20432692307692307
0 0.59375 0.09254807692307693 0.0625 0.18028846153846154
0 0.9362980769230769 0.08533653846153846 0.06009615384615385 0.17067307692307693
0 0.7680288461538461 0.08774038461538461 0.06490384615384616 0.17548076923076922
0 0.4254807692307692 0.09975961538461539 0.0673076923076923 0.18509615384615385
0 0.019230769230769232 0.11899038461538461 0.038461538461538464 0.18509615384615385
0 0.33653846153846156 0.09735576923076923 0.0625 0.17067307692307693
0 0.08173076923076923 0.10817307692307693 0.0673076923076923 0.17067307692307693
0 0.16346153846153846 0.10096153846153846 0.0625 0.17067307692307693
0 0.25240384615384615 0.09134615384615384 0.06971153846153846 0.15144230769230768
0 0.6802884615384616 0.07091346153846154 0.07211538461538461 0.14182692307692307