0 0.7319711538461539 0.23677884615384615 0.057692307692307696 0.1875
0 0.21634615384615385 0.25 0.06490384615384616 0.19230769230769232
0 0.12980769230769232 0.2512019230769231 0.06490384615384616 0.1971153846153846
0 0.8149038461538461 0.23918269230769232 0.055288461538461536 0.1971153846153846
0 0.4675480769230769 0.24879807692307693 0.052884615384615384 0.19951923076923078
0 0.6430288461538461 0.24879807692307693 0.057692307692307696 0.20432692307692307
0 0.04567307692307692 0.25961538461538464 0.06971153846153846 0.20432692307692307
0 0.5576923076923077 0.2512019230769231 0.0625 0.21153846153846154
0 0.052884615384615384 0.5060096153846154 0.0625 0.24759615384615385
0 0.4807692307692308 0.5024038461538461 0.057692307692307696 0.28365384615384615
0 0.22235576923076922 0.5096153846153846 0.06490384615384616 0.2644230769230769
0 0.140625 0.5204326923076923 0.06490384615384616 0.2403846153846154
0 0.4014423076923077 0.5180288461538461 0.0673076923076923 0.24519230769230768
0 0.6478365384615384 0.5168269230769231 0.06490384615384616 0.23076923076923078
0 0.5649038461538461 0.5180288461538461 0.057692307692307696 0.24519230769230768
0 0.9735576923076923 0.5120192307692307 0.04807692307692308 0.2644230769230769
0 0.8161057692307693 0.5144230769230769 0.06009615384615385 0.23798076923076922
0 0.9038461538461539 0.5168269230769231 0.0625 0.2403846153846154
0 0.7355769230769231 0.5336538461538461 0.06009615384615385 0.21394230769230768
0 0.3137019230769231 0.5408653846153846 0.057692307692307696 0.21875
0 0.41346153846153844 0.8701923076923077 0.06971153846153846 0.21875
0 0.07451923076923077 0.8810096153846154 0.08173076923076923 0.23317307692307693
0 0.5745192307692307 0.8786057692307693 0.0673076923076923 0.23557692307692307
0 0.4951923076923077 0.8798076923076923 0.0673076923076923 0.23557692307692307
0 0.2439903846153846 0.8834134615384616 0.06971153846153846 0.2283653846153846
0 0.33052884615384615 0.8822115384615384 0.06490384615384616 0.23076923076923078
0 0.7487980769230769 0.8774038461538461 0.06009615384615385 0.22596153846153846
0 0.8293269230769231 0.8762019230769231 0.0673076923076923 0.23076923076923078
0 0.6550480769230769 0.8810096153846154 0.07932692307692307 0.23076923076923078
0 0.15625 0.8858173076923077 0.07692307692307693 0.22355769230769232
0 0.9783653846153846 0.8774038461538461 0.038461538461538464 0.22596153846153846
0 0.9158653846153846 0.8810096153846154 0.0625 0.21875
0 0.9735576923076923 0.2283653846153846 0.040865384615384616 0.18028846153846154
0 0.3870192307692308 0.2403846153846154 0.05048076923076923 0.18269230769230768
0 0.30288461538461536 0.24158653846153846 0.055288461538461536 0.1778846153846154
0 0.9002403846153846 0.23076923076923078 0.0625 0.1875