0 0.8930288461538461 0.25841346153846156 0.08653846153846154 0.28365384615384615
0 0.9603365384615384 0.25600961538461536 0.0625 0.2860576923076923
0 0.03485576923076923 0.3233173076923077 0.06971153846153846 0.25240384615384615
0 0.20192307692307693 0.3173076923076923 0.07211538461538461 0.2403846153846154
0 0.3762019230769231 0.3076923076923077 0.06490384615384616 0.23557692307692307
0 0.125 0.3245192307692308 0.08173076923076923 0.2620192307692308
0 0.8004807692307693 0.2800480769230769 0.07692307692307693 0.2644230769230769
0 0.7163461538461539 0.28846153846153844 0.07451923076923077 0.2548076923076923
0 0.29086538461538464 0.32091346153846156 0.07211538461538461 0.2548076923076923
0 0.6358173076923077 0.30288461538461536 0.06490384615384616 0.2283653846153846
0 0.4675480769230769 0.3173076923076923 0.0673076923076923 0.21634615384615385
0 0.5480769230769231 0.32211538461538464 0.0673076923076923 0.22115384615384615
0 0.30528846153846156 0.6766826923076923 0.07211538461538461 0.22596153846153846
0 0.38822115384615385 0.671875 0.0673076923076923 0.2283653846153846
0 0.9050480769230769 0.6370192307692307 0.07692307692307693 0.2283653846153846
0 0.9723557692307693 0.6334134615384616 0.05048076923076923 0.2283653846153846
0 0.734375 0.6550480769230769 0.06971153846153846 0.24278846153846154
0 0.22716346153846154 0.6923076923076923 0.0889423076923077 0.25
0 0.6490384615384616 0.6646634615384616 0.07451923076923077 0.25961538461538464
0 0.47836538461538464 0.6766826923076923 0.08413461538461539 0.25240384615384615
0 0.8173076923076923 0.6526442307692307 0.07692307692307693 0.23798076923076922
0 0.5637019230769231 0.6730769230769231 0.07211538461538461 0.25
0 0.14543269230769232 0.7019230769230769 0.10096153846153846 0.2764423076923077
0 0.051682692307692304 0.7103365384615384 0.09134615384615384 0.2668269230769231
0 0.49759615384615385 0.9038461538461539 0.07692307692307693 0.1875
0 0.07572115384615384 0.9266826923076923 0.07932692307692307 0.14182692307692307
0 0.41466346153846156 0.9182692307692307 0.07451923076923077 0.15865384615384615
0 0.9819711538461539 0.8834134615384616 0.03125 0.1658653846153846
0 0.5865384615384616 0.9110576923076923 0.07451923076923077 0.16826923076923078
0 0.24759615384615385 0.9242788461538461 0.07692307692307693 0.1466346153846154
0 0.1622596153846154 0.9290865384615384 0.07451923076923077 0.13701923076923078
0 0.6682692307692307 0.9146634615384616 0.07211538461538461 0.14903846153846154
0 0.8353365384615384 0.9026442307692307 0.06490384615384616 0.1466346153846154
0 0.921875 0.8978365384615384 0.06971153846153846 0.1466346153846154
0 0.7536057692307693 0.9194711538461539 0.06971153846153846 0.12740384615384615
0 0.3317307692307692 0.9411057692307693 0.0673076923076923 0.11298076923076923