0 0.6911057692307693 0.10216346153846154 0.21394230769230768 0.0673076923076923
0 0.6790865384615384 0.6189903846153846 0.22355769230769232 0.057692307692307696
0 0.6778846153846154 0.7019230769230769 0.21875 0.06009615384615385
0 0.6875 0.028846153846153848 0.22355769230769232 0.05048076923076923
0 0.6790865384615384 0.27524038461538464 0.23076923076923078 0.057692307692307696
0 0.6706730769230769 0.7836538461538461 0.24759615384615385 0.07932692307692307
0 0.6682692307692307 0.8725961538461539 0.25721153846153844 0.0673076923076923
0 0.6790865384615384 0.19230769230769232 0.24278846153846154 0.06009615384615385
0 0.671875 0.3557692307692308 0.25721153846153844 0.0625
0 0.6610576923076923 0.9639423076923077 0.25240384615384615 0.057692307692307696
0 0.6682692307692307 0.5252403846153846 0.24519230769230768 0.06971153846153846
0 0.6598557692307693 0.4483173076923077 0.23557692307692307 0.06009615384615385
0 0.4026442307692308 0.5192307692307693 0.2668269230769231 0.06009615384615385
0 0.38822115384615385 0.9435096153846154 0.24759615384615385 0.06490384615384616
0 0.38100961538461536 0.7740384615384616 0.2764423076923077 0.0625
0 0.375 0.8629807692307693 0.25721153846153844 0.0625
0 0.38100961538461536 0.4362980769230769 0.2644230769230769 0.06490384615384616
0 0.3870192307692308 0.025240384615384616 0.2644230769230769 0.05048076923076923
0 0.3798076923076923 0.35096153846153844 0.23557692307692307 0.0625
0 0.3737980769230769 0.5997596153846154 0.2548076923076923 0.06009615384615385
0 0.38100961538461536 0.1814903846153846 0.25 0.06009615384615385
0 0.37740384615384615 0.09735576923076923 0.24519230769230768 0.06490384615384616
0 0.3581730769230769 0.6887019230769231 0.21875 0.06009615384615385
0 0.3605769230769231 0.26802884615384615 0.21394230769230768 0.06009615384615385
0 0.0733173076923077 0.5901442307692307 0.13942307692307693 0.0673076923076923
0 0.06971153846153846 0.5072115384615384 0.13701923076923078 0.07451923076923077
0 0.0673076923076923 0.6754807692307693 0.1346153846153846 0.0673076923076923
0 0.0673076923076923 0.8425480769230769 0.1346153846153846 0.07932692307692307
0 0.06971153846153846 0.4254807692307692 0.13221153846153846 0.06490384615384616
0 0.0673076923076923 0.7596153846153846 0.1346153846153846 0.07211538461538461
0 0.06370192307692307 0.9350961538461539 0.12740384615384615 0.07692307692307693
0 0.06850961538461539 0.25600961538461536 0.125 0.0673076923076923
0 0.07211538461538461 0.171875 0.12740384615384615 0.0673076923076923
0 0.07211538461538461 0.020432692307692308 0.125 0.040865384615384616
0 0.06490384615384616 0.3425480769230769 0.1201923076923077 0.0673076923076923
0 0.06610576923076923 0.08533653846153846 0.11298076923076923 0.052884615384615384