0 0.9807692307692307 0.25 0.03365384615384615 0.19230769230769232
0 0.9098557692307693 0.25 0.0625 0.1971153846153846
0 0.39302884615384615 0.2439903846153846 0.04807692307692308 0.18509615384615385
0 0.3088942307692308 0.2439903846153846 0.052884615384615384 0.18269230769230768
0 0.4831730769230769 0.2536057692307692 0.0625 0.21875
0 0.6526442307692307 0.25721153846153844 0.06009615384615385 0.21153846153846154
0 0.734375 0.2608173076923077 0.05048076923076923 0.16826923076923078
0 0.2247596153846154 0.25240384615384615 0.057692307692307696 0.1875
0 0.8197115384615384 0.26322115384615385 0.052884615384615384 0.1875
0 0.5673076923076923 0.25961538461538464 0.057692307692307696 0.22355769230769232
0 0.04927884615384615 0.25 0.06009615384615385 0.2091346153846154
0 0.1310096153846154 0.25721153846153844 0.05048076923076923 0.19951923076923078
0 0.4831730769230769 0.5096153846153846 0.0625 0.2644230769230769
0 0.055288461538461536 0.5132211538461539 0.057692307692307696 0.23798076923076922
0 0.13822115384615385 0.5204326923076923 0.06009615384615385 0.24519230769230768
0 0.2247596153846154 0.5228365384615384 0.06490384615384616 0.25721153846153844
0 0.5637019230769231 0.5300480769230769 0.06009615384615385 0.25
0 0.39663461538461536 0.5264423076923077 0.0625 0.2403846153846154
0 0.9735576923076923 0.5456730769230769 0.05048076923076923 0.2620192307692308
0 0.9050480769230769 0.5456730769230769 0.0625 0.23076923076923078
0 0.8125 0.5444711538461539 0.06490384615384616 0.24519230769230768
0 0.3125 0.5444711538461539 0.06009615384615385 0.21634615384615385
0 0.7331730769230769 0.5528846153846154 0.06490384615384616 0.2283653846153846
0 0.6490384615384616 0.5528846153846154 0.06009615384615385 0.23557692307692307
0 0.4831730769230769 0.8822115384615384 0.07211538461538461 0.22596153846153846
0 0.39783653846153844 0.8846153846153846 0.06971153846153846 0.21875
0 0.31009615384615385 0.8822115384615384 0.0625 0.22355769230769232
0 0.6430288461538461 0.8882211538461539 0.08413461538461539 0.21875
0 0.056490384615384616 0.8810096153846154 0.08413461538461539 0.22115384615384615
0 0.5649038461538461 0.8918269230769231 0.07211538461538461 0.21394230769230768
0 0.8161057692307693 0.8918269230769231 0.06971153846153846 0.21153846153846154
0 0.9723557692307693 0.8966346153846154 0.04567307692307692 0.20192307692307693
0 0.7271634615384616 0.8942307692307693 0.06971153846153846 0.20673076923076922
0 0.22596153846153846 0.8870192307692307 0.0673076923076923 0.21153846153846154
0 0.13942307692307693 0.8858173076923077 0.07692307692307693 0.21394230769230768
0 0.9026442307692307 0.9002403846153846 0.06490384615384616 0.19471153846153846