0 0.8942307692307693 0.48197115384615385 0.0673076923076923 0.22355769230769232
0 0.9735576923076923 0.4807692307692308 0.04807692307692308 0.21634615384615385
0 0.38221153846153844 0.47716346153846156 0.052884615384615384 0.22355769230769232
0 0.7259615384615384 0.47475961538461536 0.052884615384615384 0.23317307692307693
0 0.2932692307692308 0.47475961538461536 0.04807692307692308 0.2283653846153846
0 0.21394230769230768 0.4735576923076923 0.0625 0.2403846153846154
0 0.8064903846153846 0.47115384615384615 0.055288461538461536 0.2403846153846154
0 0.12980769230769232 0.4699519230769231 0.0625 0.23798076923076922
0 0.036057692307692304 0.4699519230769231 0.0625 0.25240384615384615
0 0.4699519230769231 0.4675480769230769 0.06490384615384616 0.24759615384615385
0 0.640625 0.4651442307692308 0.06009615384615385 0.25721153846153844
0 0.5540865384615384 0.4651442307692308 0.06009615384615385 0.24278846153846154
0 0.4699519230769231 0.19471153846153846 0.05048076923076923 0.2980769230769231
0 0.04807692307692308 0.18870192307692307 0.0625 0.24278846153846154
0 0.12980769230769232 0.17908653846153846 0.0625 0.24759615384615385
0 0.3918269230769231 0.17668269230769232 0.0625 0.2620192307692308
0 0.21995192307692307 0.17427884615384615 0.055288461538461536 0.2620192307692308
0 0.5552884615384616 0.17307692307692307 0.057692307692307696 0.2548076923076923
0 0.9735576923076923 0.17067307692307693 0.04807692307692308 0.2644230769230769
0 0.8173076923076923 0.16706730769230768 0.057692307692307696 0.25240384615384615
0 0.6430288461538461 0.1658653846153846 0.05048076923076923 0.23557692307692307
0 0.7259615384615384 0.15985576923076922 0.057692307692307696 0.2283653846153846
0 0.8930288461538461 0.15985576923076922 0.06490384615384616 0.25721153846153844
0 0.30528846153846156 0.15504807692307693 0.057692307692307696 0.22355769230769232
0 0.3954326923076923 0.7908653846153846 0.05048076923076923 0.125
0 0.21514423076923078 0.7908653846153846 0.055288461538461536 0.11538461538461539
0 0.9098557692307693 0.7884615384615384 0.055288461538461536 0.11538461538461539
0 0.04807692307692308 0.7884615384615384 0.052884615384615384 0.125
0 0.4795673076923077 0.7848557692307693 0.05048076923076923 0.13221153846153846
0 0.6502403846153846 0.7836538461538461 0.055288461538461536 0.12980769230769232
0 0.734375 0.7824519230769231 0.055288461538461536 0.13221153846153846
0 0.5637019230769231 0.7824519230769231 0.055288461538461536 0.13221153846153846
0 0.9783653846153846 0.7824519230769231 0.038461538461538464 0.13701923076923078
0 0.30649038461538464 0.78125 0.055288461538461536 0.14903846153846154
0 0.8173076923076923 0.78125 0.052884615384615384 0.14423076923076922
0 0.13822115384615385 0.7800480769230769 0.06490384615384616 0.13701923076923078