0 0.4170673076923077 0.18269230769230768 0.2932692307692308 0.07932692307692307
0 0.43028846153846156 0.025240384615384616 0.2932692307692308 0.05048076923076923
0 0.42908653846153844 0.09254807692307693 0.27884615384615385 0.07692307692307693
0 0.37740384615384615 0.9459134615384616 0.24278846153846154 0.0673076923076923
0 0.42908653846153844 0.2644230769230769 0.24759615384615385 0.07211538461538461
0 0.3942307692307692 0.7800480769230769 0.24278846153846154 0.07211538461538461
0 0.390625 0.8569711538461539 0.25961538461538464 0.08173076923076923
0 0.4074519230769231 0.6899038461538461 0.24278846153846154 0.0673076923076923
0 0.4362980769230769 0.3485576923076923 0.2283653846153846 0.07211538461538461
0 0.42788461538461536 0.5204326923076923 0.21634615384615385 0.06490384615384616
0 0.42788461538461536 0.6033653846153846 0.29086538461538464 0.07692307692307693
0 0.4495192307692308 0.43990384615384615 0.24519230769230768 0.07692307692307693
0 0.7788461538461539 0.3004807692307692 0.21394230769230768 0.0673076923076923
0 0.7644230769230769 0.6442307692307693 0.2283653846153846 0.06971153846153846
0 0.7596153846153846 0.7283653846153846 0.23557692307692307 0.07451923076923077
0 0.8112980769230769 0.04927884615384615 0.22355769230769232 0.0673076923076923
0 0.8040865384615384 0.12980769230769232 0.2283653846153846 0.07932692307692307
0 0.7992788461538461 0.21514423076923078 0.24278846153846154 0.07451923076923077
0 0.7572115384615384 0.9038461538461539 0.24519230769230768 0.07451923076923077
0 0.7644230769230769 0.8137019230769231 0.2403846153846154 0.07692307692307693
0 0.7956730769230769 0.38461538461538464 0.2644230769230769 0.07932692307692307
0 0.7848557692307693 0.5552884615384616 0.25240384615384615 0.07692307692307693
0 0.7932692307692307 0.47115384615384615 0.25240384615384615 0.07692307692307693
0 0.7596153846153846 0.9759615384615384 0.2644230769230769 0.04326923076923077
0 0.9362980769230769 0.9807692307692307 0.06009615384615385 0.03365384615384615
0 0.17548076923076922 0.5877403846153846 0.07451923076923077 0.057692307692307696
0 0.203125 0.25 0.07692307692307693 0.057692307692307696
0 0.2091346153846154 0.16466346153846154 0.07211538461538461 0.055288461538461536
0 0.22956730769230768 0.018028846153846152 0.09375 0.036057692307692304
0 0.22596153846153846 0.07932692307692307 0.0985576923076923 0.057692307692307696
0 0.203125 0.4254807692307692 0.09615384615384616 0.052884615384615384
0 0.1971153846153846 0.5060096153846154 0.10096153846153846 0.057692307692307696
0 0.1875 0.6742788461538461 0.11298076923076923 0.0673076923076923
0 0.22355769230769232 0.33533653846153844 0.12980769230769232 0.06490384615384616