0 0.2536057692307692 0.4338942307692308 0.21153846153846154 0.06490384615384616
0 0.25721153846153844 0.2644230769230769 0.21875 0.07211538461538461
0 0.2644230769230769 0.3485576923076923 0.2403846153846154 0.06490384615384616
0 0.26802884615384615 0.5132211538461539 0.23317307692307693 0.07211538461538461
0 0.2644230769230769 0.021634615384615384 0.24278846153846154 0.036057692307692304
0 0.27884615384615385 0.8533653846153846 0.23798076923076922 0.06971153846153846
0 0.2776442307692308 0.7644230769230769 0.21875 0.06490384615384616
0 0.28125 0.9399038461538461 0.22596153846153846 0.06971153846153846
0 0.2692307692307692 0.09134615384615384 0.23076923076923078 0.06490384615384616
0 0.27403846153846156 0.17668269230769232 0.24759615384615385 0.07211538461538461
0 0.2860576923076923 0.6850961538461539 0.23798076923076922 0.06971153846153846
0 0.2860576923076923 0.5985576923076923 0.24278846153846154 0.06971153846153846
0 0.5384615384615384 0.016826923076923076 0.2548076923076923 0.03365384615384615
0 0.5480769230769231 0.5036057692307693 0.28365384615384615 0.0625
0 0.5540865384615384 0.8425480769230769 0.28365384615384615 0.0625
0 0.5504807692307693 0.5853365384615384 0.2620192307692308 0.0673076923076923
0 0.5685096153846154 0.7512019230769231 0.24759615384615385 0.07211538461538461
0 0.5576923076923077 0.06850961538461539 0.22596153846153846 0.057692307692307696
0 0.5721153846153846 0.6646634615384616 0.23557692307692307 0.07211538461538461
0 0.5805288461538461 0.9314903846153846 0.24278846153846154 0.0625
0 0.5793269230769231 0.4110576923076923 0.2091346153846154 0.06490384615384616
0 0.5769230769230769 0.15985576923076922 0.2091346153846154 0.057692307692307696
0 0.5877403846153846 0.3317307692307692 0.21394230769230768 0.06490384615384616
0 0.59375 0.24759615384615385 0.18269230769230768 0.057692307692307696
0 0.9002403846153846 0.32572115384615385 0.18990384615384615 0.0625
0 0.9038461538461539 0.49158653846153844 0.1875 0.07211538461538461
0 0.9098557692307693 0.5829326923076923 0.1778846153846154 0.07211538461538461
0 0.90625 0.40865384615384615 0.18028846153846154 0.06971153846153846
0 0.9098557692307693 0.9242788461538461 0.17548076923076922 0.07932692307692307
0 0.9014423076923077 0.06490384615384616 0.1778846153846154 0.06971153846153846
0 0.9110576923076923 0.6634615384615384 0.17307692307692307 0.0625
0 0.9038461538461539 0.15384615384615385 0.1778846153846154 0.07451923076923077
0 0.9122596153846154 0.7560096153846154 0.17067307692307693 0.07451923076923077
0 0.9122596153846154 0.8377403846153846 0.17067307692307693 0.07932692307692307
0 0.9098557692307693 0.23317307692307693 0.16826923076923078 0.07451923076923077