0 0.18389423076923078 0.8149038461538461 0.08173076923076923 0.04807692307692308
0 0.1935096153846154 0.47596153846153844 0.07932692307692307 0.05048076923076923
0 0.1971153846153846 0.6442307692307693 0.09134615384615384 0.05048076923076923
0 0.20072115384615385 0.5600961538461539 0.09615384615384616 0.04567307692307692
0 0.38221153846153844 0.4831730769230769 0.3173076923076923 0.0625
0 0.4014423076923077 0.054086538461538464 0.2403846153846154 0.057692307692307696
0 0.4014423076923077 0.22716346153846154 0.2692307692307692 0.0673076923076923
0 0.4098557692307692 0.14182692307692307 0.2403846153846154 0.06009615384615385
0 0.40625 0.5637019230769231 0.25721153846153844 0.0625
0 0.40384615384615385 0.8185096153846154 0.23798076923076922 0.0625
0 0.40384615384615385 0.90625 0.23557692307692307 0.06490384615384616
0 0.4050480769230769 0.9747596153846154 0.2644230769230769 0.04807692307692308
0 0.41586538461538464 0.6490384615384616 0.23076923076923078 0.06009615384615385
0 0.4326923076923077 0.3125 0.21394230769230768 0.055288461538461536
0 0.4266826923076923 0.7367788461538461 0.21634615384615385 0.057692307692307696
0 0.7608173076923077 0.41346153846153844 0.21153846153846154 0.0625
0 0.7728365384615384 0.24519230769230768 0.22355769230769232 0.0673076923076923
0 0.765625 0.7451923076923077 0.23317307692307693 0.0625
0 0.7740384615384616 0.3317307692307692 0.2548076923076923 0.0625
0 0.7824519230769231 0.15865384615384615 0.2644230769230769 0.0673076923076923
0 0.7836538461538461 0.49759615384615385 0.2644230769230769 0.0673076923076923
0 0.7752403846153846 0.8317307692307693 0.2548076923076923 0.0673076923076923
0 0.7920673076923077 0.021634615384615384 0.27403846153846156 0.03365384615384615
0 0.7956730769230769 0.07211538461538461 0.2644230769230769 0.0673076923076923
0 0.7872596153846154 0.6526442307692307 0.25961538461538464 0.07932692307692307
0 0.78125 0.9170673076923077 0.2403846153846154 0.055288461538461536
0 0.7944711538461539 0.5769230769230769 0.27403846153846156 0.0625