0 0.7487980769230769 0.38221153846153844 0.22355769230769232 0.052884615384615384
0 0.7548076923076923 0.8990384615384616 0.20192307692307693 0.06009615384615385
0 0.7403846153846154 0.2932692307692308 0.2283653846153846 0.052884615384615384
0 0.7487980769230769 0.8112980769230769 0.22596153846153846 0.055288461538461536
0 0.7439903846153846 0.7295673076923077 0.22115384615384615 0.055288461538461536
0 0.7223557692307693 0.03485576923076923 0.23557692307692307 0.057692307692307696
0 0.7319711538461539 0.6430288461538461 0.23798076923076922 0.0625
0 0.7307692307692307 0.47596153846153844 0.2403846153846154 0.06490384615384616
0 0.7223557692307693 0.12620192307692307 0.23557692307692307 0.0625
0 0.7283653846153846 0.5588942307692307 0.23317307692307693 0.0625
0 0.5637019230769231 0.484375 0.4735576923076923 0.06490384615384616
0 0.4519230769230769 0.056490384615384616 0.25 0.0625
0 0.44711538461538464 0.2247596153846154 0.2692307692307692 0.0625
0 0.44350961538461536 0.13822115384615385 0.24519230769230768 0.057692307692307696
0 0.45072115384615385 0.8149038461538461 0.24519230769230768 0.06009615384615385
0 0.43990384615384615 0.6502403846153846 0.23076923076923078 0.0625
0 0.44350961538461536 0.9050480769230769 0.23798076923076922 0.0625
0 0.44350961538461536 0.9747596153846154 0.2764423076923077 0.04567307692307692
0 0.421875 0.3137019230769231 0.21634615384615385 0.0625
0 0.42908653846153844 0.734375 0.21153846153846154 0.057692307692307696
0 0.11298076923076923 0.6586538461538461 0.21394230769230768 0.07692307692307693
0 0.10096153846153846 0.3245192307692308 0.20192307692307693 0.0673076923076923
0 0.10096153846153846 0.41346153846153844 0.19951923076923078 0.06971153846153846
0 0.10216346153846154 0.4987980769230769 0.19951923076923078 0.07211538461538461
0 0.09975961538461539 0.24158653846153846 0.19951923076923078 0.06971153846153846
0 0.10216346153846154 0.5769230769230769 0.19230769230769232 0.06490384615384616
0 0.0985576923076923 0.15865384615384615 0.1971153846153846 0.07692307692307693
0 0.09495192307692307 0.0673076923076923 0.18990384615384615 0.07692307692307693
0 0.10697115384615384 0.8341346153846154 0.19230769230769232 0.0673076923076923
0 0.1045673076923077 0.7439903846153846 0.1875 0.057692307692307696
0 0.10336538461538461 0.9158653846153846 0.18269230769230768 0.06009615384615385
0 0.10216346153846154 0.9807692307692307 0.18990384615384615 0.03365384615384615