0 0.5396634615384616 0.5841346153846154 0.21634615384615385 0.06009615384615385
0 0.5396634615384616 0.7536057692307693 0.22355769230769232 0.0625
0 0.5300480769230769 0.6670673076923077 0.24278846153846154 0.06490384615384616
0 0.5192307692307693 0.2512019230769231 0.23076923076923078 0.06490384615384616
0 0.53125 0.9194711538461539 0.24519230769230768 0.06971153846153846
0 0.5216346153846154 0.5024038461538461 0.2548076923076923 0.0673076923076923
0 0.5120192307692307 0.078125 0.23076923076923078 0.06009615384615385
0 0.5144230769230769 0.33533653846153844 0.24519230769230768 0.06971153846153846
0 0.5108173076923077 0.16466346153846154 0.2403846153846154 0.06490384615384616
0 0.5216346153846154 0.8389423076923077 0.2620192307692308 0.0625
0 0.5108173076923077 0.4170673076923077 0.25961538461538464 0.06971153846153846
0 0.25600961538461536 0.9387019230769231 0.27163461538461536 0.06971153846153846
0 0.24158653846153846 0.5144230769230769 0.28125 0.057692307692307696
0 0.23918269230769232 0.4230769230769231 0.25961538461538464 0.0625
0 0.23076923076923078 0.171875 0.2860576923076923 0.06009615384615385
0 0.22716346153846154 0.018028846153846152 0.2644230769230769 0.03125
0 0.22596153846153846 0.3449519230769231 0.2548076923076923 0.06490384615384616
0 0.21394230769230768 0.09014423076923077 0.25 0.06490384615384616
0 0.21514423076923078 0.25600961538461536 0.23798076923076922 0.06490384615384616
0 0.21514423076923078 0.5997596153846154 0.23076923076923078 0.06009615384615385
0 0.2127403846153846 0.8509615384615384 0.21634615384615385 0.0673076923076923
0 0.21033653846153846 0.7644230769230769 0.22355769230769232 0.0625
0 0.20552884615384615 0.6826923076923077 0.22596153846153846 0.0625
0 0.8269230769230769 0.9242788461538461 0.0673076923076923 0.0673076923076923
0 0.8209134615384616 0.8413461538461539 0.07932692307692307 0.07211538461538461
0 0.8064903846153846 0.24759615384615385 0.08413461538461539 0.06490384615384616
0 0.8125 0.5841346153846154 0.08413461538461539 0.0625
0 0.8040865384615384 0.07211538461538461 0.08413461538461539 0.06490384615384616
0 0.8137019230769231 0.7487980769230769 0.0889423076923077 0.06971153846153846
0 0.8028846153846154 0.16466346153846154 0.09375 0.057692307692307696
0 0.8100961538461539 0.6670673076923077 0.08653846153846154 0.0625
0 0.8040865384615384 0.33052884615384615 0.0889423076923077 0.057692307692307696
0 0.8040865384615384 0.4182692307692308 0.08653846153846154 0.06009615384615385
0 0.8052884615384616 0.5024038461538461 0.08653846153846154 0.06009615384615385