0 0.4387019230769231 0.47836538461538464 0.29086538461538464 0.06009615384615385
0 0.44471153846153844 0.5588942307692307 0.2860576923076923 0.0673076923076923
0 0.4639423076923077 0.9711538461538461 0.24278846153846154 0.055288461538461536
0 0.453125 0.04567307692307692 0.2403846153846154 0.06009615384615385
0 0.4723557692307692 0.9014423076923077 0.2620192307692308 0.0625
0 0.45913461538461536 0.13221153846153846 0.25721153846153844 0.06009615384615385
0 0.46033653846153844 0.2247596153846154 0.2764423076923077 0.0673076923076923
0 0.4639423076923077 0.3942307692307692 0.23076923076923078 0.06009615384615385
0 0.4639423076923077 0.30288461538461536 0.24759615384615385 0.0673076923076923
0 0.4735576923076923 0.7295673076923077 0.25240384615384615 0.06490384615384616
0 0.484375 0.6430288461538461 0.21394230769230768 0.06009615384615385
0 0.49038461538461536 0.8185096153846154 0.22355769230769232 0.06490384615384616
0 0.8353365384615384 0.2127403846153846 0.22355769230769232 0.0625
0 0.8401442307692307 0.036057692307692304 0.2403846153846154 0.06490384615384616
0 0.84375 0.11899038461538461 0.24759615384615385 0.0673076923076923
0 0.8485576923076923 0.29927884615384615 0.2668269230769231 0.0673076923076923
0 0.8533653846153846 0.3918269230769231 0.28365384615384615 0.06971153846153846
0 0.20192307692307693 0.47836538461538464 0.11057692307692307 0.06009615384615385
0 0.20793269230769232 0.6514423076923077 0.11778846153846154 0.04567307692307692
0 0.21634615384615385 0.8185096153846154 0.12259615384615384 0.0625
0 0.20793269230769232 0.30649038461538464 0.12980769230769232 0.057692307692307696
0 0.22115384615384615 0.9074519230769231 0.12980769230769232 0.057692307692307696
0 0.21153846153846154 0.21875 0.13942307692307693 0.04807692307692308
0 0.22596153846153846 0.9759615384615384 0.13942307692307693 0.04326923076923077
0 0.21995192307692307 0.5625 0.14423076923076922 0.06490384615384616
0 0.21634615384615385 0.1346153846153846 0.15144230769230768 0.06009615384615385
0 0.21514423076923078 0.04927884615384615 0.14903846153846154 0.0625
0 0.23197115384615385 0.7355769230769231 0.16346153846153846 0.06971153846153846
0 0.23317307692307693 0.390625 0.17307692307692307 0.052884615384615384