0 0.2608173076923077 0.9302884615384616 0.06971153846153846 0.1346153846153846
0 0.34375 0.9423076923076923 0.0673076923076923 0.11057692307692307
0 0.5925480769230769 0.2848557692307692 0.0673076923076923 0.27403846153846156
0 0.016826923076923076 0.296875 0.03365384615384615 0.25240384615384615
0 0.0733173076923077 0.2980769230769231 0.0625 0.25
0 0.5012019230769231 0.30288461538461536 0.0625 0.2548076923076923
0 0.6742788461538461 0.3016826923076923 0.0673076923076923 0.23557692307692307
0 0.7560096153846154 0.30408653846153844 0.0625 0.24278846153846154
0 0.15985576923076922 0.3161057692307692 0.057692307692307696 0.22596153846153846
0 0.9314903846153846 0.3076923076923077 0.0625 0.25
0 0.4170673076923077 0.31850961538461536 0.0625 0.2403846153846154
0 0.3425480769230769 0.6754807692307693 0.0625 0.22115384615384615
0 0.0829326923076923 0.6826923076923077 0.0673076923076923 0.2403846153846154
0 0.1658653846153846 0.6862980769230769 0.06490384615384616 0.2403846153846154
0 0.42788461538461536 0.6838942307692307 0.06490384615384616 0.2548076923076923
0 0.7752403846153846 0.6802884615384616 0.0625 0.24519230769230768
0 0.9435096153846154 0.6754807692307693 0.0625 0.2548076923076923
0 0.8569711538461539 0.6814903846153846 0.07211538461538461 0.25
0 0.25841346153846156 0.6959134615384616 0.0673076923076923 0.2620192307692308
0 0.5973557692307693 0.7776442307692307 0.07211538461538461 0.4326923076923077
0 0.7704326923076923 0.9182692307692307 0.057692307692307696 0.14903846153846154
0 0.8521634615384616 0.9170673076923077 0.057692307692307696 0.14903846153846154