0 0.8978365384615384 0.6021634615384616 0.08413461538461539 0.27884615384615385
0 0.9651442307692307 0.6081730769230769 0.06490384615384616 0.2980769230769231
0 0.8028846153846154 0.5913461538461539 0.08413461538461539 0.2980769230769231
0 0.29927884615384615 0.5408653846153846 0.0673076923076923 0.21153846153846154
0 0.21153846153846154 0.5300480769230769 0.06971153846153846 0.23317307692307693
0 0.042067307692307696 0.515625 0.07451923076923077 0.2548076923076923
0 0.38341346153846156 0.5444711538461539 0.07692307692307693 0.25240384615384615
0 0.1310096153846154 0.5180288461538461 0.08653846153846154 0.25961538461538464
0 0.7211538461538461 0.5673076923076923 0.07932692307692307 0.2548076923076923
0 0.640625 0.5552884615384616 0.06971153846153846 0.2283653846153846
0 0.4699519230769231 0.5348557692307693 0.07211538461538461 0.21875
0 0.5552884615384616 0.5240384615384616 0.08413461538461539 0.25961538461538464
0 0.4026442307692308 0.18269230769230768 0.07211538461538461 0.23557692307692307
0 0.31850961538461536 0.17427884615384615 0.07692307692307693 0.23317307692307693
0 0.7451923076923077 0.2091346153846154 0.07451923076923077 0.24759615384615385
0 0.9771634615384616 0.23197115384615385 0.040865384615384616 0.2283653846153846
0 0.9182692307692307 0.22115384615384615 0.08173076923076923 0.22355769230769232
0 0.828125 0.2127403846153846 0.08173076923076923 0.24519230769230768
0 0.234375 0.15985576923076922 0.09134615384615384 0.24759615384615385
0 0.5769230769230769 0.1875 0.08653846153846154 0.25240384615384615
0 0.1466346153846154 0.14903846153846154 0.08413461538461539 0.24759615384615385
0 0.49038461538461536 0.1778846153846154 0.08653846153846154 0.25961538461538464
0 0.6610576923076923 0.19230769230769232 0.08413461538461539 0.27163461538461536
0 0.06009615384615385 0.13221153846153846 0.07692307692307693 0.2620192307692308
0 0.10697115384615384 0.7740384615384616 0.06490384615384616 0.09615384615384616
0 0.028846153846153848 0.7680288461538461 0.057692307692307696 0.0985576923076923
0 0.18990384615384615 0.7764423076923077 0.0625 0.10096153846153846
0 0.3557692307692308 0.7908653846153846 0.04807692307692308 0.10576923076923077
0 0.7848557692307693 0.8257211538461539 0.0625 0.11298076923076923
0 0.7007211538461539 0.8173076923076923 0.06490384615384616 0.11538461538461539
0 0.9447115384615384 0.8317307692307693 0.0625 0.13221153846153846
0 0.8713942307692307 0.8233173076923077 0.0673076923076923 0.13701923076923078
0 0.5288461538461539 0.7908653846153846 0.057692307692307696 0.1346153846153846
0 0.44711538461538464 0.7824519230769231 0.0673076923076923 0.1346153846153846
0 0.2824519230769231 0.7620192307692307 0.07692307692307693 0.1466346153846154
0 0.6201923076923077 0.7836538461538461 0.0673076923076923 0.16346153846153846