0 0.2127403846153846 0.20072115384615385 0.0985576923076923 0.052884615384615384
0 0.22235576923076922 0.36899038461538464 0.14182692307692307 0.0625
0 0.40024038461538464 0.4735576923076923 0.29086538461538464 0.07211538461538461
0 0.4338942307692308 0.3016826923076923 0.24759615384615385 0.06971153846153846
0 0.4266826923076923 0.390625 0.23798076923076922 0.06971153846153846
0 0.39903846153846156 0.9591346153846154 0.25721153846153844 0.06490384615384616
0 0.4026442307692308 0.8990384615384616 0.25240384615384615 0.06490384615384616
0 0.44471153846153844 0.125 0.25721153846153844 0.06971153846153846
0 0.41586538461538464 0.7247596153846154 0.25240384615384615 0.06490384615384616
0 0.44591346153846156 0.21875 0.27403846153846156 0.07932692307692307
0 0.4375 0.6382211538461539 0.21875 0.06971153846153846
0 0.42908653846153844 0.8088942307692307 0.23557692307692307 0.07932692307692307
0 0.8088942307692307 0.23197115384615385 0.22596153846153846 0.06971153846153846
0 0.8317307692307693 0.05889423076923077 0.24278846153846154 0.07211538461538461
0 0.8245192307692307 0.14182692307692307 0.25240384615384615 0.07932692307692307
0 0.8317307692307693 0.40865384615384615 0.30528846153846156 0.07451923076923077
0 0.8353365384615384 0.31971153846153844 0.28846153846153844 0.07211538461538461