0 0.7668269230769231 0.018028846153846152 0.18509615384615385 0.02403846153846154
0 0.7560096153846154 0.5132211538461539 0.2091346153846154 0.06971153846153846
0 0.7632211538461539 0.08413461538461539 0.21394230769230768 0.0673076923076923
0 0.7644230769230769 0.02403846153846154 0.19471153846153846 0.036057692307692304
0 0.75 0.6045673076923077 0.19951923076923078 0.0625
0 0.7572115384615384 0.17427884615384615 0.20432692307692307 0.0625
0 0.7512019230769231 0.3425480769230769 0.20432692307692307 0.057692307692307696
0 0.7439903846153846 0.7704326923076923 0.20432692307692307 0.0625
0 0.7439903846153846 0.6850961538461539 0.21153846153846154 0.06490384615384616
0 0.7463942307692307 0.42788461538461536 0.20673076923076922 0.06490384615384616
0 0.7379807692307693 0.8545673076923077 0.2091346153846154 0.0673076923076923
0 0.7463942307692307 0.26322115384615385 0.22115384615384615 0.06971153846153846
0 0.734375 0.9399038461538461 0.21875 0.06009615384615385
0 0.40625 0.5120192307692307 0.22115384615384615 0.06490384615384616
0 0.4026442307692308 0.34134615384615385 0.22355769230769232 0.06490384615384616
0 0.40384615384615385 0.08173076923076923 0.25 0.06971153846153846
0 0.4026442307692308 0.015625 0.2620192307692308 0.03125
0 0.39903846153846156 0.16466346153846154 0.24759615384615385 0.06490384615384616
0 0.3858173076923077 0.6814903846153846 0.2403846153846154 0.06490384615384616
0 0.38341346153846156 0.765625 0.24278846153846154 0.06971153846153846
0 0.3870192307692308 0.4254807692307692 0.25240384615384615 0.07211538461538461
0 0.3762019230769231 0.9362980769230769 0.23798076923076922 0.06971153846153846
0 0.37259615384615385 0.8521634615384616 0.24278846153846154 0.07451923076923077
0 0.38341346153846156 0.24879807692307693 0.25240384615384615 0.06490384615384616
0 0.37259615384615385 0.5961538461538461 0.2764423076923077 0.0673076923076923
0 0.125 0.5024038461538461 0.24519230769230768 0.06490384615384616
0 0.12139423076923077 0.41586538461538464 0.23557692307692307 0.0673076923076923
0 0.12379807692307693 0.014423076923076924 0.2283653846153846 0.028846153846153848
0 0.11177884615384616 0.7596153846153846 0.22355769230769232 0.07211538461538461
0 0.109375 0.5853365384615384 0.21634615384615385 0.06490384615384616
0 0.10697115384615384 0.9350961538461539 0.21394230769230768 0.07692307692307693
0 0.1141826923076923 0.07091346153846154 0.2091346153846154 0.07451923076923077
0 0.10336538461538461 0.671875 0.20673076923076922 0.06490384615384616
0 0.10817307692307693 0.2439903846153846 0.20192307692307693 0.057692307692307696
0 0.09375 0.3317307692307692 0.1778846153846154 0.06490384615384616
0 0.09615384615384616 0.16105769230769232 0.17548076923076922 0.055288461538461536
0 0.08653846153846154 0.8473557692307693 0.17307692307692307 0.06009615384615385