0 0.2127403846153846 0.2536057692307692 0.055288461538461536 0.2091346153846154
0 0.9038461538461539 0.24759615384615385 0.07211538461538461 0.22115384615384615
0 0.3870192307692308 0.25841346153846156 0.055288461538461536 0.20432692307692307
0 0.3016826923076923 0.25961538461538464 0.06490384615384616 0.21394230769230768
0 0.12860576923076922 0.2620192307692308 0.0625 0.22355769230769232
0 0.7271634615384616 0.2548076923076923 0.06009615384615385 0.21875
0 0.6478365384615384 0.25600961538461536 0.055288461538461536 0.2091346153846154
0 0.4735576923076923 0.25841346153846156 0.057692307692307696 0.21394230769230768
0 0.042067307692307696 0.2668269230769231 0.055288461538461536 0.19951923076923078
0 0.5600961538461539 0.25841346153846156 0.06490384615384616 0.22115384615384615
0 0.9735576923076923 0.2536057692307692 0.04326923076923077 0.22596153846153846
0 0.8112980769230769 0.25600961538461536 0.057692307692307696 0.22596153846153846
0 0.8966346153846154 0.5961538461538461 0.06971153846153846 0.22115384615384615
0 0.38100961538461536 0.6105769230769231 0.055288461538461536 0.22596153846153846
0 0.2956730769230769 0.6129807692307693 0.052884615384615384 0.21875
0 0.9723557692307693 0.6033653846153846 0.05048076923076923 0.22115384615384615
0 0.8100961538461539 0.6057692307692307 0.0625 0.23557692307692307
0 0.21634615384615385 0.6177884615384616 0.07692307692307693 0.24278846153846154
0 0.7259615384615384 0.6105769230769231 0.057692307692307696 0.23798076923076922
0 0.4735576923076923 0.6153846153846154 0.07211538461538461 0.24519230769230768
0 0.6430288461538461 0.6141826923076923 0.06490384615384616 0.25721153846153844
0 0.5540865384615384 0.6189903846153846 0.06490384615384616 0.24519230769230768
0 0.12379807692307693 0.6274038461538461 0.06971153846153846 0.24759615384615385
0 0.036057692307692304 0.6334134615384616 0.0625 0.25961538461538464
0 0.39302884615384615 0.8786057692307693 0.06009615384615385 0.20432692307692307
0 0.47475961538461536 0.8762019230769231 0.057692307692307696 0.24278846153846154
0 0.21995192307692307 0.8858173076923077 0.055288461538461536 0.22355769230769232
0 0.054086538461538464 0.8894230769230769 0.07451923076923077 0.21634615384615385
0 0.5612980769230769 0.8870192307692307 0.06009615384615385 0.21875
0 0.13942307692307693 0.8918269230769231 0.07211538461538461 0.21153846153846154
0 0.9735576923076923 0.8834134615384616 0.04807692307692308 0.21394230769230768
0 0.8185096153846154 0.8882211538461539 0.057692307692307696 0.20673076923076922
0 0.6466346153846154 0.8942307692307693 0.06009615384615385 0.1971153846153846
0 0.9038461538461539 0.890625 0.06009615384615385 0.19951923076923078
0 0.7331730769230769 0.8990384615384616 0.06009615384615385 0.18509615384615385
0 0.3112980769230769 0.9098557692307693 0.06009615384615385 0.17548076923076922