0 0.5925480769230769 0.06610576923076923 0.07451923076923077 0.13221153846153846
0 0.33052884615384615 0.08173076923076923 0.06971153846153846 0.13701923076923078
0 0.9254807692307693 0.05048076923076923 0.08173076923076923 0.10096153846153846
0 0.5060096153846154 0.0673076923076923 0.0889423076923077 0.1346153846153846
0 0.16466346153846154 0.09375 0.07932692307692307 0.13221153846153846
0 0.2439903846153846 0.08653846153846154 0.07451923076923077 0.13221153846153846
0 0.41586538461538464 0.07211538461538461 0.08173076923076923 0.13221153846153846
0 0.6814903846153846 0.057692307692307696 0.07932692307692307 0.11538461538461539
0 0.07932692307692307 0.09975961538461539 0.07692307692307693 0.125
0 0.016826923076923076 0.1045673076923077 0.03365384615384615 0.12740384615384615
0 0.9651442307692307 0.6550480769230769 0.06490384615384616 0.22355769230769232
0 0.8930288461538461 0.65625 0.07692307692307693 0.22596153846153846
0 0.2980769230769231 0.7007211538461539 0.07692307692307693 0.23076923076923078
0 0.21033653846153846 0.7103365384615384 0.07451923076923077 0.21875
0 0.6346153846153846 0.6682692307692307 0.07451923076923077 0.23798076923076922
0 0.546875 0.6670673076923077 0.08173076923076923 0.25
0 0.4651442307692308 0.6742788461538461 0.08413461538461539 0.25
0 0.7151442307692307 0.6490384615384616 0.09134615384615384 0.2764423076923077
0 0.12620192307692307 0.6995192307692307 0.08173076923076923 0.23557692307692307
0 0.04447115384615385 0.7055288461538461 0.07211538461538461 0.22355769230769232
0 0.37259615384615385 0.6766826923076923 0.07932692307692307 0.2620192307692308
0 0.6129807692307693 0.4014423076923077 0.07692307692307693 0.2668269230769231
0 0.9435096153846154 0.36177884615384615 0.0889423076923077 0.2644230769230769
0 0.1814903846153846 0.41225961538461536 0.08413461538461539 0.2980769230769231
0 0.7788461538461539 0.3557692307692308 0.0673076923076923 0.23557692307692307
0 0.8581730769230769 0.3485576923076923 0.0889423076923077 0.25961538461538464
0 0.2644230769230769 0.39783653846153844 0.07451923076923077 0.2548076923076923
0 0.3473557692307692 0.38100961538461536 0.07211538461538461 0.23557692307692307
0 0.5192307692307693 0.36177884615384615 0.07211538461538461 0.22355769230769232
0 0.4338942307692308 0.35096153846153844 0.08413461538461539 0.2548076923076923