0 0.796875 0.59375 0.1201923076923077 0.06490384615384616
0 0.7896634615384616 0.16826923076923078 0.11538461538461539 0.06490384615384616
0 0.7980769230769231 0.7620192307692307 0.125 0.06009615384615385
0 0.7860576923076923 0.08413461538461539 0.125 0.06971153846153846
0 0.7944711538461539 0.6754807692307693 0.1201923076923077 0.0673076923076923
0 0.7908653846153846 0.5096153846153846 0.1201923076923077 0.06009615384615385
0 0.7836538461538461 0.25600961538461536 0.12980769230769232 0.0625
0 0.7956730769230769 0.9338942307692307 0.12980769230769232 0.0625
0 0.7848557692307693 0.4230769230769231 0.1346153846153846 0.06490384615384616
0 0.7836538461538461 0.33653846153846156 0.12980769230769232 0.06009615384615385
0 0.7872596153846154 0.8509615384615384 0.125 0.0625
0 0.4951923076923077 0.515625 0.23557692307692307 0.06490384615384616
0 0.47115384615384615 0.018028846153846152 0.24759615384615385 0.036057692307692304
0 0.4675480769230769 0.3389423076923077 0.2091346153846154 0.0625
0 0.4639423076923077 0.16706730769230768 0.23317307692307693 0.06490384615384616
0 0.47475961538461536 0.8569711538461539 0.25 0.06971153846153846
0 0.45913461538461536 0.08533653846153846 0.21153846153846154 0.057692307692307696
0 0.4651442307692308 0.43028846153846156 0.1971153846153846 0.055288461538461536
0 0.4699519230769231 0.7740384615384616 0.24519230769230768 0.07692307692307693
0 0.46274038461538464 0.6009615384615384 0.2644230769230769 0.07451923076923077
0 0.46875 0.9435096153846154 0.22596153846153846 0.06971153846153846
0 0.46153846153846156 0.6790865384615384 0.21875 0.0625
0 0.44711538461538464 0.25240384615384615 0.22115384615384615 0.06490384615384616
0 0.19230769230769232 0.7776442307692307 0.24519230769230768 0.06971153846153846
0 0.19230769230769232 0.9555288461538461 0.2620192307692308 0.07451923076923077
0 0.18629807692307693 0.5997596153846154 0.19230769230769232 0.055288461538461536
0 0.17427884615384615 0.09134615384615384 0.2620192307692308 0.06971153846153846
0 0.1778846153846154 0.5120192307692307 0.22596153846153846 0.06009615384615385
0 0.16826923076923078 0.025240384615384616 0.21875 0.038461538461538464
0 0.17668269230769232 0.43028846153846156 0.22115384615384615 0.06009615384615385
0 0.16706730769230768 0.6899038461538461 0.25 0.06009615384615385
0 0.15625 0.25841346153846156 0.2403846153846154 0.0673076923076923
0 0.1502403846153846 0.17908653846153846 0.21153846153846154 0.057692307692307696
0 0.15264423076923078 0.35096153846153844 0.2091346153846154 0.06009615384615385
0 0.15504807692307693 0.8605769230769231 0.1971153846153846 0.052884615384615384