0 0.328125 0.8293269230769231 0.28365384615384615 0.07451923076923077
0 0.3389423076923077 0.9771634615384616 0.3076923076923077 0.040865384615384616
0 0.3473557692307692 0.9182692307692307 0.28846153846153844 0.07932692307692307
0 0.30408653846153844 0.054086538461538464 0.24519230769230768 0.0673076923076923
0 0.32572115384615385 0.4026442307692308 0.24519230769230768 0.06971153846153846
0 0.31490384615384615 0.14783653846153846 0.25240384615384615 0.07692307692307693
0 0.3473557692307692 0.7403846153846154 0.25961538461538464 0.07451923076923077
0 0.32572115384615385 0.3137019230769231 0.2403846153846154 0.06971153846153846
0 0.32091346153846156 0.22355769230769232 0.2403846153846154 0.0673076923076923
0 0.3485576923076923 0.6550480769230769 0.22115384615384615 0.06971153846153846
0 0.3557692307692308 0.5685096153846154 0.22115384615384615 0.0673076923076923
0 0.35336538461538464 0.48677884615384615 0.22115384615384615 0.0673076923076923
0 0.7163461538461539 0.9639423076923077 0.2283653846153846 0.057692307692307696
0 0.7139423076923077 0.8822115384615384 0.22596153846153846 0.07692307692307693
0 0.6838942307692307 0.2860576923076923 0.2283653846153846 0.06490384615384616
0 0.7115384615384616 0.7127403846153846 0.23317307692307693 0.06490384615384616
0 0.6947115384615384 0.3713942307692308 0.2403846153846154 0.06490384615384616
0 0.6862980769230769 0.20192307692307693 0.24759615384615385 0.07932692307692307
0 0.6850961538461539 0.11298076923076923 0.2403846153846154 0.08173076923076923
0 0.6826923076923077 0.03245192307692308 0.25961538461538464 0.06490384615384616
0 0.7055288461538461 0.4579326923076923 0.2548076923076923 0.07932692307692307
0 0.7235576923076923 0.7944711538461539 0.2403846153846154 0.06971153846153846
0 0.7175480769230769 0.6262019230769231 0.2644230769230769 0.07211538461538461
0 0.7139423076923077 0.5396634615384616 0.25721153846153844 0.07211538461538461
0 0.9230769230769231 0.4483173076923077 0.1466346153846154 0.0673076923076923
0 0.9050480769230769 0.027644230769230768 0.14182692307692307 0.055288461538461536
0 0.9423076923076923 0.9507211538461539 0.11057692307692307 0.06009615384615385
0 0.9326923076923077 0.5336538461538461 0.12980769230769232 0.07211538461538461
0 0.9266826923076923 0.3581730769230769 0.12980769230769232 0.07211538461538461
0 0.9194711538461539 0.1875 0.12740384615384615 0.0673076923076923
0 0.9146634615384616 0.10697115384615384 0.12740384615384615 0.06971153846153846
0 0.9435096153846154 0.6165865384615384 0.10817307692307693 0.07451923076923077
0 0.9483173076923077 0.7824519230769231 0.0985576923076923 0.06490384615384616
0 0.953125 0.8713942307692307 0.0889423076923077 0.06490384615384616
0 0.9567307692307693 0.6995192307692307 0.08173076923076923 0.0673076923076923
0 0.9435096153846154 0.27403846153846156 0.0889423076923077 0.057692307692307696