0 0.4170673076923077 0.7199519230769231 0.07211538461538461 0.21634615384615385
0 0.25240384615384615 0.7043269230769231 0.06971153846153846 0.22596153846153846
0 0.07692307692307693 0.6983173076923077 0.07451923076923077 0.2403846153846154
0 0.015625 0.6923076923076923 0.03125 0.25
0 0.8389423076923077 0.7211538461538461 0.06971153846153846 0.23798076923076922
0 0.75 0.7163461538461539 0.06490384615384616 0.22596153846153846
0 0.33413461538461536 0.6995192307692307 0.07211538461538461 0.24519230769230768
0 0.5 0.7043269230769231 0.0673076923076923 0.24759615384615385
0 0.6706730769230769 0.7067307692307693 0.07211538461538461 0.25
0 0.9242788461538461 0.7151442307692307 0.0673076923076923 0.23076923076923078
0 0.5829326923076923 0.7007211538461539 0.07451923076923077 0.25240384615384615
0 0.16346153846153846 0.6814903846153846 0.06971153846153846 0.2692307692307692
0 0.018028846153846152 0.41225961538461536 0.03365384615384615 0.23798076923076922
0 0.5901442307692307 0.43149038461538464 0.0673076923076923 0.2620192307692308
0 0.078125 0.41225961538461536 0.07451923076923077 0.27403846153846156
0 0.5048076923076923 0.4254807692307692 0.0625 0.2860576923076923
0 0.8425480769230769 0.43149038461538464 0.06490384615384616 0.28365384615384615
0 0.7548076923076923 0.41947115384615385 0.0673076923076923 0.25721153846153844
0 0.6670673076923077 0.4170673076923077 0.07211538461538461 0.24278846153846154
0 0.9266826923076923 0.4206730769230769 0.06490384615384616 0.23798076923076922
0 0.4182692307692308 0.3954326923076923 0.0673076923076923 0.23557692307692307
0 0.2512019230769231 0.38461538461538464 0.07451923076923077 0.22115384615384615
0 0.15745192307692307 0.38100961538461536 0.06009615384615385 0.22596153846153846
0 0.33413461538461536 0.38221153846153844 0.0673076923076923 0.22596153846153846
0 0.5180288461538461 0.08653846153846154 0.06971153846153846 0.17067307692307693
0 0.5985576923076923 0.08533653846153846 0.08653846153846154 0.16105769230769232
0 0.3389423076923077 0.07692307692307693 0.07692307692307693 0.15384615384615385
0 0.08653846153846154 0.0733173076923077 0.07692307692307693 0.1466346153846154
0 0.8533653846153846 0.09014423076923077 0.07692307692307693 0.15384615384615385
0 0.6862980769230769 0.0829326923076923 0.06490384615384616 0.15144230769230768
0 0.7716346153846154 0.08653846153846154 0.07211538461538461 0.15144230769230768
0 0.9411057692307693 0.09254807692307693 0.07451923076923077 0.15144230769230768
0 0.2548076923076923 0.07211538461538461 0.08653846153846154 0.14423076923076922
0 0.171875 0.07091346153846154 0.06971153846153846 0.14182692307692307
0 0.42908653846153844 0.0625 0.07451923076923077 0.125