0 0.4723557692307692 0.484375 0.23798076923076922 0.06009615384615385
0 0.47836538461538464 0.9831730769230769 0.25 0.028846153846153848
0 0.47836538461538464 0.9146634615384616 0.2403846153846154 0.055288461538461536
0 0.48197115384615385 0.6574519230769231 0.21875 0.05048076923076923
0 0.4831730769230769 0.8305288461538461 0.2403846153846154 0.06009615384615385
0 0.4855769230769231 0.3125 0.22596153846153846 0.052884615384615384
0 0.4891826923076923 0.5709134615384616 0.24759615384615385 0.055288461538461536
0 0.49158653846153844 0.2247596153846154 0.24278846153846154 0.06009615384615385
0 0.49399038461538464 0.057692307692307696 0.25240384615384615 0.0673076923076923
0 0.49399038461538464 0.14182692307692307 0.24759615384615385 0.0673076923076923
0 0.5036057692307693 0.7439903846153846 0.2668269230769231 0.06490384615384616
0 0.5048076923076923 0.39783653846153844 0.27403846153846156 0.055288461538461536
0 0.7668269230769231 0.4879807692307692 0.2932692307692308 0.052884615384615384
0 0.7716346153846154 0.5697115384615384 0.27884615384615385 0.0625
0 0.7800480769230769 0.9134615384615384 0.24278846153846154 0.0625
0 0.78125 0.9819711538461539 0.2692307692307692 0.03125
0 0.7872596153846154 0.051682692307692304 0.24759615384615385 0.06009615384615385
0 0.7884615384615384 0.4026442307692308 0.25 0.055288461538461536
0 0.7896634615384616 0.31490384615384615 0.25240384615384615 0.057692307692307696
0 0.7896634615384616 0.7415865384615384 0.24759615384615385 0.055288461538461536
0 0.7896634615384616 0.22956730769230768 0.2668269230769231 0.06490384615384616
0 0.8040865384615384 0.8269230769230769 0.21875 0.057692307692307696
0 0.8064903846153846 0.6586538461538461 0.22355769230769232 0.052884615384615384
0 0.8100961538461539 0.140625 0.22596153846153846 0.055288461538461536
0 0.18269230769230768 0.9146634615384616 0.07211538461538461 0.06490384615384616
0 0.18629807692307693 0.39903846153846156 0.08413461538461539 0.057692307692307696
0 0.1875 0.31490384615384615 0.08653846153846154 0.057692307692307696
0 0.1875 0.23076923076923078 0.08653846153846154 0.052884615384615384
0 0.19230769230769232 0.8293269230769231 0.08173076923076923 0.052884615384615384
0 0.19230769230769232 0.14302884615384615 0.09615384615384616 0.06009615384615385
0 0.19591346153846154 0.484375 0.0889423076923077 0.06009615384615385
0 0.19591346153846154 0.06129807692307692 0.0985576923076923 0.055288461538461536
0 0.19591346153846154 0.6502403846153846 0.10336538461538461 0.06490384615384616
0 0.19591346153846154 0.7355769230769231 0.08413461538461539 0.0625
0 0.1971153846153846 0.5721153846153846 0.10096153846153846 0.0625