0 0.5060096153846154 0.27283653846153844 0.23798076923076922 0.0625
0 0.49759615384615385 0.10336538461538461 0.22355769230769232 0.06971153846153846
0 0.5144230769230769 0.6189903846153846 0.22596153846153846 0.057692307692307696
0 0.5228365384615384 0.8677884615384616 0.2283653846153846 0.08413461538461539
0 0.49158653846153844 0.027644230769230768 0.22355769230769232 0.055288461538461536
0 0.515625 0.7019230769230769 0.22596153846153846 0.06490384615384616
0 0.5168269230769231 0.7824519230769231 0.23798076923076922 0.08173076923076923
0 0.49399038461538464 0.19230769230769232 0.23317307692307693 0.06490384615384616
0 0.4963942307692308 0.3605769230769231 0.2548076923076923 0.0673076923076923
0 0.4987980769230769 0.5300480769230769 0.24278846153846154 0.0673076923076923
0 0.49278846153846156 0.44591346153846156 0.24759615384615385 0.06971153846153846
0 0.5120192307692307 0.9603365384615384 0.2692307692307692 0.07451923076923077
0 0.22115384615384615 0.5348557692307693 0.28846153846153844 0.06490384615384616
0 0.22956730769230768 0.7908653846153846 0.2692307692307692 0.0673076923076923
0 0.22956730769230768 0.8798076923076923 0.2668269230769231 0.0673076923076923
0 0.23197115384615385 0.9591346153846154 0.23798076923076922 0.07451923076923077
0 0.21153846153846154 0.4543269230769231 0.2692307692307692 0.0673076923076923
0 0.21634615384615385 0.6165865384615384 0.2548076923076923 0.06971153846153846
0 0.1935096153846154 0.036057692307692304 0.2692307692307692 0.055288461538461536
0 0.20192307692307693 0.36538461538461536 0.24278846153846154 0.0673076923076923
0 0.19110576923076922 0.20432692307692307 0.24759615384615385 0.06490384615384616
0 0.18389423076923078 0.11658653846153846 0.25240384615384615 0.07211538461538461
0 0.19831730769230768 0.7043269230769231 0.22596153846153846 0.0673076923076923
0 0.18028846153846154 0.28365384615384615 0.21875 0.0625
0 0.8137019230769231 0.7740384615384616 0.08653846153846154 0.057692307692307696
0 0.7896634615384616 0.07932692307692307 0.09615384615384616 0.0625
0 0.8173076923076923 0.9326923076923077 0.09134615384615384 0.0625
0 0.796875 0.42427884615384615 0.11057692307692307 0.07211538461538461
0 0.8028846153846154 0.5913461538461539 0.1201923076923077 0.05048076923076923
0 0.7836538461538461 0.016826923076923076 0.11057692307692307 0.03365384615384615
0 0.7896634615384616 0.2548076923076923 0.10336538461538461 0.057692307692307696
0 0.7980769230769231 0.5108173076923077 0.10336538461538461 0.055288461538461536
0 0.7920673076923077 0.34134615384615385 0.10096153846153846 0.057692307692307696
0 0.8076923076923077 0.8509615384615384 0.10336538461538461 0.0625
0 0.7992788461538461 0.6790865384615384 0.0985576923076923 0.06490384615384616
0 0.7824519230769231 0.171875 0.10817307692307693 0.06009615384615385