0 0.24639423076923078 0.8329326923076923 0.1778846153846154 0.0625
0 0.23918269230769232 0.3269230769230769 0.19230769230769232 0.06009615384615385
0 0.24639423076923078 0.6598557692307693 0.18509615384615385 0.0625
0 0.25240384615384615 0.9831730769230769 0.1971153846153846 0.028846153846153848
0 0.24639423076923078 0.49038461538461536 0.20432692307692307 0.06490384615384616
0 0.5649038461538461 0.41466346153846156 0.2091346153846154 0.0673076923076923
0 0.5817307692307693 0.7475961538461539 0.22596153846153846 0.06490384615384616
0 0.5745192307692307 0.3329326923076923 0.2403846153846154 0.0625
0 0.5757211538461539 0.0733173076923077 0.23798076923076922 0.0673076923076923
0 0.5913461538461539 0.9819711538461539 0.21394230769230768 0.03365384615384615
0 0.5913461538461539 0.8341346153846154 0.24278846153846154 0.06490384615384616
0 0.5865384615384616 0.49158653846153844 0.2548076923076923 0.0673076923076923
0 0.5829326923076923 0.24278846153846154 0.20432692307692307 0.0673076923076923
0 0.59375 0.6634615384615384 0.25 0.06009615384615385
0 0.5997596153846154 0.9194711538461539 0.24278846153846154 0.057692307692307696
0 0.5961538461538461 0.5805288461538461 0.25721153846153844 0.0673076923076923
0 0.5997596153846154 0.15625 0.21153846153846154 0.06490384615384616
0 0.8629807692307693 0.5709134615384616 0.25721153846153844 0.0673076923076923
0 0.8545673076923077 0.05889423076923077 0.27163461538461536 0.0625
0 0.8629807692307693 0.4807692307692308 0.2692307692307692 0.06490384615384616
0 0.8665865384615384 0.8221153846153846 0.2620192307692308 0.0673076923076923
0 0.8725961538461539 0.9723557692307693 0.25 0.04567307692307692
0 0.8774038461538461 0.6514423076923077 0.2403846153846154 0.07211538461538461
0 0.8834134615384616 0.7391826923076923 0.2283653846153846 0.06490384615384616
0 0.8846153846153846 0.9038461538461539 0.22596153846153846 0.07211538461538461
0 0.8846153846153846 0.3942307692307692 0.22355769230769232 0.07211538461538461
0 0.8834134615384616 0.14302884615384615 0.21634615384615385 0.06971153846153846
0 0.8870192307692307 0.22956730769230768 0.21153846153846154 0.06971153846153846
0 0.8930288461538461 0.31009615384615385 0.20192307692307693 0.06490384615384616
0 0.2247596153846154 0.0673076923076923 0.16105769230769232 0.06971153846153846
0 0.22716346153846154 0.15625 0.1778846153846154 0.06490384615384616
0 0.23197115384615385 0.2403846153846154 0.19951923076923078 0.06490384615384616
0 0.24278846153846154 0.7475961538461539 0.18269230769230768 0.06009615384615385
0 0.23918269230769232 0.5793269230769231 0.20192307692307693 0.06490384615384616
0 0.23677884615384615 0.41586538461538464 0.19230769230769232 0.055288461538461536
0 0.24519230769230768 0.9182692307692307 0.18269230769230768 0.06490384615384616
0 0.23197115384615385 0.018028846153846152 0.15865384615384615 0.02403846153846154