0 0.9302884615384616 0.7307692307692307 0.07692307692307693 0.25961538461538464
0 0.4987980769230769 0.7067307692307693 0.07211538461538461 0.3004807692307692
0 0.171875 0.6850961538461539 0.06490384615384616 0.2091346153846154
0 0.7584134615384616 0.7151442307692307 0.07692307692307693 0.27163461538461536
0 0.07932692307692307 0.6646634615384616 0.06971153846153846 0.22115384615384615
0 0.4182692307692308 0.6838942307692307 0.06490384615384616 0.25240384615384615
0 0.33653846153846156 0.6682692307692307 0.06490384615384616 0.23076923076923078
0 0.6742788461538461 0.6766826923076923 0.06971153846153846 0.22115384615384615
0 0.2536057692307692 0.6538461538461539 0.06490384615384616 0.21634615384615385
0 0.765625 0.3389423076923077 0.07451923076923077 0.23076923076923078
0 0.265625 0.31009615384615385 0.0673076923076923 0.23317307692307693
0 0.6802884615384616 0.33413461538461536 0.0673076923076923 0.24759615384615385
0 0.17908653846153846 0.2956730769230769 0.06971153846153846 0.23798076923076922
0 0.5120192307692307 0.3137019230769231 0.07692307692307693 0.25961538461538464
0 0.35096153846153844 0.3016826923076923 0.07211538461538461 0.25721153846153844
0 0.8545673076923077 0.32572115384615385 0.07932692307692307 0.2620192307692308
0 0.09495192307692307 0.2860576923076923 0.06490384615384616 0.24278846153846154
0 0.4362980769230769 0.30408653846153844 0.06971153846153846 0.25721153846153844
0 0.2824519230769231 0.0733173076923077 0.06490384615384616 0.1466346153846154