0 0.29086538461538464 0.1045673076923077 0.21394230769230768 0.0673076923076923
0 0.3125 0.6213942307692307 0.22596153846153846 0.055288461538461536
0 0.3161057692307692 0.7055288461538461 0.22115384615384615 0.06490384615384616
0 0.2956730769230769 0.03245192307692308 0.2283653846153846 0.052884615384615384
0 0.32211538461538464 0.7848557692307693 0.23798076923076922 0.07932692307692307
0 0.3016826923076923 0.19471153846153846 0.23317307692307693 0.06490384615384616
0 0.3088942307692308 0.2764423076923077 0.2283653846153846 0.057692307692307696
0 0.3137019230769231 0.36177884615384615 0.25961538461538464 0.0673076923076923
0 0.32091346153846156 0.5336538461538461 0.24278846153846154 0.0625
0 0.3329326923076923 0.875 0.24759615384615385 0.07451923076923077
0 0.33653846153846156 0.9675480769230769 0.24519230769230768 0.0625
0 0.3269230769230769 0.4495192307692308 0.24278846153846154 0.0625
0 0.5829326923076923 0.5144230769230769 0.27403846153846156 0.07211538461538461
0 0.6105769230769231 0.9435096153846154 0.24519230769230768 0.07211538461538461
0 0.6177884615384616 0.7740384615384616 0.2668269230769231 0.06490384615384616
0 0.6201923076923077 0.8569711538461539 0.24759615384615385 0.0673076923076923
0 0.59375 0.02283653846153846 0.27403846153846156 0.04567307692307692
0 0.6141826923076923 0.6009615384615384 0.25240384615384615 0.06971153846153846
0 0.6021634615384616 0.18629807692307693 0.25240384615384615 0.0673076923076923
0 0.6105769230769231 0.3485576923076923 0.23317307692307693 0.0625
0 0.6129807692307693 0.4362980769230769 0.2620192307692308 0.0673076923076923
0 0.6045673076923077 0.09615384615384616 0.24519230769230768 0.06971153846153846
0 0.6346153846153846 0.6862980769230769 0.22115384615384615 0.0625
0 0.6225961538461539 0.265625 0.22115384615384615 0.0625
0 0.9266826923076923 0.6694711538461539 0.14182692307692307 0.07451923076923077
0 0.9254807692307693 0.5012019230769231 0.1466346153846154 0.07451923076923077
0 0.9266826923076923 0.5865384615384616 0.14182692307692307 0.07211538461538461
0 0.9278846153846154 0.7536057692307693 0.13942307692307693 0.07932692307692307
0 0.9314903846153846 0.8365384615384616 0.13221153846153846 0.08173076923076923
0 0.9338942307692307 0.9230769230769231 0.12740384615384615 0.08653846153846154
0 0.9182692307692307 0.16706730769230768 0.13942307692307693 0.06490384615384616
0 0.9278846153846154 0.41947115384615385 0.13701923076923078 0.06971153846153846
0 0.921875 0.25 0.13701923076923078 0.0673076923076923
0 0.9254807692307693 0.33533653846153844 0.1346153846153846 0.06971153846153846
0 0.9206730769230769 0.07932692307692307 0.12740384615384615 0.0625
0 0.9182692307692307 0.016826923076923076 0.12980769230769232 0.03365384615384615