0 0.8100961538461539 0.8209134615384616 0.04807692307692308 0.08413461538461539
0 0.4699519230769231 0.8052884615384616 0.05048076923076923 0.08173076923076923
0 0.6382211538461539 0.8052884615384616 0.05048076923076923 0.09375
0 0.5540865384615384 0.8004807692307693 0.04807692307692308 0.0985576923076923
0 0.48197115384615385 0.6177884615384616 0.06971153846153846 0.31971153846153844
0 0.051682692307692304 0.5901442307692307 0.06009615384615385 0.2403846153846154
0 0.2247596153846154 0.59375 0.07451923076923077 0.27163461538461536
0 0.13942307692307693 0.5841346153846154 0.0625 0.2403846153846154
0 0.5612980769230769 0.5949519230769231 0.0673076923076923 0.25961538461538464
0 0.8161057692307693 0.6009615384615384 0.06490384615384616 0.2403846153846154
0 0.9038461538461539 0.6033653846153846 0.0673076923076923 0.23798076923076922
0 0.9723557692307693 0.6033653846153846 0.052884615384615384 0.2668269230769231
0 0.6478365384615384 0.5865384615384616 0.0625 0.23317307692307693
0 0.3112980769230769 0.5649038461538461 0.057692307692307696 0.21634615384615385
0 0.7355769230769231 0.578125 0.06009615384615385 0.21875
0 0.4182692307692308 0.23677884615384615 0.0673076923076923 0.21394230769230768
0 0.25 0.22355769230769232 0.06971153846153846 0.22596153846153846
0 0.75 0.23798076923076922 0.06490384615384616 0.23557692307692307
0 0.33653846153846156 0.22235576923076922 0.0673076923076923 0.25721153846153844
0 0.16346153846153846 0.21153846153846154 0.07451923076923077 0.2668269230769231
0 0.5024038461538461 0.21634615384615385 0.07451923076923077 0.2668269230769231
0 0.8365384615384616 0.23076923076923078 0.07211538461538461 0.25721153846153844
0 0.026442307692307692 0.19951923076923078 0.040865384615384616 0.27403846153846156
0 0.078125 0.1971153846153846 0.07451923076923077 0.2668269230769231
0 0.6574519230769231 0.21514423076923078 0.08413461538461539 0.25961538461538464
0 0.921875 0.22596153846153846 0.057692307692307696 0.24278846153846154
0 0.5829326923076923 0.20673076923076922 0.0673076923076923 0.2764423076923077