0 0.7199519230769231 0.23798076923076922 0.06490384615384616 0.22355769230769232
0 0.8954326923076923 0.23076923076923078 0.06971153846153846 0.21394230769230768
0 0.38100961538461536 0.26322115384615385 0.0625 0.22355769230769232
0 0.8016826923076923 0.2439903846153846 0.06490384615384616 0.23317307692307693
0 0.9603365384615384 0.23317307692307693 0.055288461538461536 0.21875
0 0.4639423076923077 0.2644230769230769 0.07692307692307693 0.2403846153846154
0 0.5432692307692307 0.2668269230769231 0.06971153846153846 0.25240384615384615
0 0.12259615384615384 0.3004807692307692 0.08173076923076923 0.24759615384615385
0 0.6358173076923077 0.28125 0.06971153846153846 0.25240384615384615
0 0.21033653846153846 0.30528846153846156 0.08413461538461539 0.23798076923076922
0 0.29447115384615385 0.29927884615384615 0.06971153846153846 0.2283653846153846
0 0.03125 0.32572115384615385 0.0625 0.24278846153846154
0 0.9074519230769231 0.5168269230769231 0.06971153846153846 0.22596153846153846
0 0.23076923076923078 0.5637019230769231 0.07692307692307693 0.27403846153846156
0 0.40384615384615385 0.5552884615384616 0.08173076923076923 0.25721153846153844
0 0.3161057692307692 0.5576923076923077 0.0673076923076923 0.22355769230769232
0 0.9735576923076923 0.5264423076923077 0.04807692307692308 0.27403846153846156
0 0.5637019230769231 0.5516826923076923 0.06971153846153846 0.25721153846153844
0 0.8221153846153846 0.5456730769230769 0.06971153846153846 0.23798076923076922
0 0.6514423076923077 0.5625 0.0673076923076923 0.23557692307692307
0 0.734375 0.5721153846153846 0.06971153846153846 0.2283653846153846
0 0.984375 0.8737980769230769 0.026442307692307692 0.20432692307692307
0 0.8449519230769231 0.8798076923076923 0.0673076923076923 0.20192307692307693
0 0.9290865384615384 0.8774038461538461 0.0625 0.19471153846153846
0 0.42908653846153844 0.9146634615384616 0.07932692307692307 0.1658653846153846
0 0.3401442307692308 0.9146634615384616 0.07451923076923077 0.1658653846153846
0 0.5108173076923077 0.9134615384615384 0.07932692307692307 0.17067307692307693
0 0.2548076923076923 0.9194711538461539 0.07692307692307693 0.15625
0 0.08774038461538461 0.9242788461538461 0.09375 0.1466346153846154
0 0.17307692307692307 0.921875 0.08653846153846154 0.15144230769230768
0 0.59375 0.9110576923076923 0.07211538461538461 0.1658653846153846
0 0.7596153846153846 0.9026442307692307 0.07451923076923077 0.16105769230769232