0 0.9591346153846154 0.7283653846153846 0.06971153846153846 0.21394230769230768
0 0.8810096153846154 0.7247596153846154 0.0625 0.21875
0 0.7932692307692307 0.7247596153846154 0.06490384615384616 0.2283653846153846
0 0.19591346153846154 0.7295673076923077 0.057692307692307696 0.21394230769230768
0 0.28125 0.7271634615384616 0.06009615384615385 0.23076923076923078
0 0.6213942307692307 0.7211538461538461 0.0625 0.23076923076923078
0 0.5360576923076923 0.71875 0.06971153846153846 0.23557692307692307
0 0.45072115384615385 0.7175480769230769 0.0673076923076923 0.25
0 0.7043269230769231 0.7079326923076923 0.06971153846153846 0.2692307692307692
0 0.11177884615384616 0.7151442307692307 0.0625 0.2283653846153846
0 0.03365384615384615 0.7151442307692307 0.055288461538461536 0.21634615384615385
0 0.3641826923076923 0.7055288461538461 0.0673076923076923 0.27163461538461536
0 0.19110576923076922 0.44471153846153844 0.0625 0.2932692307692308
0 0.027644230769230768 0.44591346153846156 0.055288461538461536 0.29086538461538464
0 0.10216346153846154 0.43990384615384615 0.07211538461538461 0.27403846153846156
0 0.9579326923076923 0.4230769230769231 0.07211538461538461 0.25721153846153844
0 0.8677884615384616 0.4182692307692308 0.07451923076923077 0.25240384615384615
0 0.7896634615384616 0.4182692307692308 0.052884615384615384 0.22596153846153846
0 0.6129807692307693 0.41947115384615385 0.06009615384615385 0.22355769230769232
0 0.27283653846153844 0.42427884615384615 0.057692307692307696 0.24519230769230768
0 0.6983173076923077 0.4170673076923077 0.057692307692307696 0.2692307692307692
0 0.3581730769230769 0.41466346153846156 0.055288461538461536 0.22355769230769232
0 0.5288461538461539 0.4098557692307692 0.055288461538461536 0.22355769230769232
0 0.44350961538461536 0.40625 0.0625 0.23076923076923078
0 0.3641826923076923 0.09375 0.0625 0.1778846153846154
0 0.44591346153846156 0.09134615384615384 0.07211538461538461 0.17067307692307693
0 0.53125 0.0889423076923077 0.07692307692307693 0.1778846153846154
0 0.6213942307692307 0.08774038461538461 0.0625 0.17548076923076922
0 0.8786057692307693 0.08533653846153846 0.07451923076923077 0.17067307692307693
0 0.7079326923076923 0.08653846153846154 0.06490384615384616 0.17307692307692307
0 0.7944711538461539 0.08653846153846154 0.07932692307692307 0.17307692307692307
0 0.27524038461538464 0.09134615384615384 0.0625 0.17067307692307693
0 0.028846153846153848 0.09495192307692307 0.057692307692307696 0.17067307692307693
0 0.18870192307692307 0.09254807692307693 0.07211538461538461 0.17067307692307693
0 0.10697115384615384 0.09375 0.07211538461538461 0.16826923076923078
0 0.96875 0.07572115384615384 0.04807692307692308 0.15144230769230768