0 0.4735576923076923 0.48677884615384615 0.22596153846153846 0.06971153846153846
0 0.4495192307692308 0.6550480769230769 0.22596153846153846 0.0673076923076923
0 0.4387019230769231 0.8269230769230769 0.23557692307692307 0.07932692307692307
0 0.4338942307692308 0.9146634615384616 0.2403846153846154 0.07211538461538461
0 0.43028846153846156 0.9759615384615384 0.25961538461538464 0.04326923076923077
0 0.45913461538461536 0.31490384615384615 0.24759615384615385 0.06971153846153846
0 0.4639423076923077 0.2283653846153846 0.24759615384615385 0.07451923076923077
0 0.44350961538461536 0.5673076923076923 0.25721153846153844 0.07692307692307693
0 0.46875 0.055288461538461536 0.2644230769230769 0.07932692307692307
0 0.46274038461538464 0.14182692307692307 0.2548076923076923 0.07932692307692307
0 0.42427884615384615 0.7391826923076923 0.27163461538461536 0.08173076923076923
0 0.4362980769230769 0.39663461538461536 0.2764423076923077 0.08413461538461539
0 0.1658653846153846 0.4699519230769231 0.28846153846153844 0.06490384615384616
0 0.15865384615384615 0.5576923076923077 0.27884615384615385 0.06971153846153846
0 0.13581730769230768 0.9627403846153846 0.27163461538461536 0.05048076923076923
0 0.17908653846153846 0.042067307692307696 0.2668269230769231 0.08413461538461539
0 0.15985576923076922 0.38461538461538464 0.25240384615384615 0.07211538461538461
0 0.12860576923076922 0.8978365384615384 0.25 0.07692307692307693
0 0.13701923076923078 0.7259615384615384 0.25240384615384615 0.06971153846153846
0 0.1622596153846154 0.21634615384615385 0.2692307692307692 0.07932692307692307
0 0.15504807692307693 0.30288461538461536 0.25961538461538464 0.07451923076923077
0 0.12860576923076922 0.6382211538461539 0.22115384615384615 0.07211538461538461
0 0.11658653846153846 0.8112980769230769 0.21634615384615385 0.07211538461538461
0 0.1502403846153846 0.12139423076923077 0.23076923076923078 0.0673076923076923
0 0.7620192307692307 0.9855769230769231 0.13942307692307693 0.02403846153846154
0 0.7620192307692307 0.9254807692307693 0.14182692307692307 0.06971153846153846
0 0.7860576923076923 0.41346153846153844 0.1466346153846154 0.06971153846153846
0 0.7896634615384616 0.33052884615384615 0.14903846153846154 0.0673076923076923
0 0.7620192307692307 0.84375 0.15384615384615385 0.06490384615384616
0 0.7932692307692307 0.24639423076923078 0.14903846153846154 0.06490384615384616
0 0.7764423076923077 0.5012019230769231 0.15625 0.0673076923076923
0 0.7944711538461539 0.1622596153846154 0.16105769230769232 0.0673076923076923
0 0.796875 0.07692307692307693 0.16105769230769232 0.055288461538461536
0 0.7608173076923077 0.7560096153846154 0.15625 0.0673076923076923
0 0.7644230769230769 0.6706730769230769 0.15865384615384615 0.0625
0 0.7680288461538461 0.5865384615384616 0.16105769230769232 0.06490384615384616