0 0.5625 0.5168269230769231 0.2956730769230769 0.07932692307692307
0 0.5516826923076923 0.4375 0.29086538461538464 0.08653846153846154
0 0.5036057692307693 0.03245192307692308 0.24759615384615385 0.06490384615384616
0 0.578125 0.9507211538461539 0.24519230769230768 0.07692307692307693
0 0.5 0.09735576923076923 0.2668269230769231 0.07932692307692307
0 0.5673076923076923 0.8641826923076923 0.2620192307692308 0.07692307692307693
0 0.5588942307692307 0.7728365384615384 0.28125 0.08653846153846154
0 0.5432692307692307 0.6033653846153846 0.23557692307692307 0.07451923076923077
0 0.5492788461538461 0.6935096153846154 0.25240384615384615 0.08413461538461539
0 0.5096153846153846 0.2692307692307692 0.25721153846153844 0.08173076923076923
0 0.5060096153846154 0.3557692307692308 0.21875 0.07451923076923077
0 0.4879807692307692 0.1814903846153846 0.2283653846153846 0.07932692307692307
0 0.18509615384615385 0.8100961538461539 0.2283653846153846 0.07692307692307693
0 0.1935096153846154 0.9711538461538461 0.24759615384615385 0.052884615384615384
0 0.18389423076923078 0.9038461538461539 0.25240384615384615 0.08413461538461539
0 0.1658653846153846 0.7247596153846154 0.27163461538461536 0.08653846153846154
0 0.15504807692307693 0.6322115384615384 0.28846153846153844 0.0889423076923077
0 0.7992788461538461 0.5 0.11538461538461539 0.0673076923076923
0 0.7800480769230769 0.328125 0.1201923076923077 0.052884615384615384
0 0.7608173076923077 0.1622596153846154 0.12740384615384615 0.06971153846153846
0 0.8040865384615384 0.671875 0.1346153846153846 0.0673076923076923
0 0.75 0.07451923076923077 0.1346153846153846 0.0673076923076923
0 0.8076923076923077 0.7608173076923077 0.14182692307692307 0.057692307692307696
0 0.7415865384615384 0.016826923076923076 0.14182692307692307 0.03365384615384615
0 0.7752403846153846 0.4182692307692308 0.14903846153846154 0.07451923076923077
0 0.8088942307692307 0.8449519230769231 0.15625 0.06971153846153846
0 0.8149038461538461 0.9302884615384616 0.15384615384615385 0.07211538461538461
0 0.75 0.24639423076923078 0.16826923076923078 0.08173076923076923
0 0.7728365384615384 0.5901442307692307 0.1778846153846154 0.06490384615384616