0 0.08413461538461539 0.5192307692307693 0.07932692307692307 0.2403846153846154
0 0.34134615384615385 0.5420673076923077 0.07211538461538461 0.22596153846153846
0 0.17307692307692307 0.5192307692307693 0.08413461538461539 0.24519230769230768
0 0.6814903846153846 0.5637019230769231 0.06971153846153846 0.23798076923076922
0 0.42908653846153844 0.5372596153846154 0.07932692307692307 0.25961538461538464
0 0.7716346153846154 0.5685096153846154 0.08413461538461539 0.24759615384615385
0 0.8533653846153846 0.5745192307692307 0.0889423076923077 0.2548076923076923
0 0.9387019230769231 0.578125 0.09134615384615384 0.2668269230769231
0 0.25600961538461536 0.5144230769230769 0.08413461538461539 0.27403846153846156
0 0.6141826923076923 0.41466346153846156 0.11057692307692307 0.49278846153846156
0 0.44350961538461536 0.35216346153846156 0.10096153846153846 0.4567307692307692
0 0.5336538461538461 0.28125 0.07692307692307693 0.29086538461538464
0 0.7067307692307693 0.28846153846153844 0.07692307692307693 0.21634615384615385
0 0.04447115384615385 0.21754807692307693 0.0625 0.27403846153846156
0 0.10576923076923077 0.22235576923076922 0.07211538461538461 0.25721153846153844
0 0.7908653846153846 0.27524038461538464 0.0889423076923077 0.27163461538461536
0 0.2824519230769231 0.2247596153846154 0.07932692307692307 0.25
0 0.36778846153846156 0.22235576923076922 0.07211538461538461 0.22355769230769232
0 0.8822115384615384 0.265625 0.07692307692307693 0.22596153846153846