0 0.28846153846153844 0.5444711538461539 0.2980769230769231 0.07692307692307693
0 0.27163461538461536 0.9579326923076923 0.2548076923076923 0.0673076923076923
0 0.3088942307692308 0.4639423076923077 0.2644230769230769 0.06971153846153846
0 0.2800480769230769 0.8822115384615384 0.25961538461538464 0.07932692307692307
0 0.3425480769230769 0.03485576923076923 0.25721153846153844 0.06971153846153846
0 0.31971153846153844 0.3762019230769231 0.24759615384615385 0.07932692307692307
0 0.3317307692307692 0.20793269230769232 0.2692307692307692 0.07932692307692307
0 0.29927884615384615 0.7139423076923077 0.25240384615384615 0.07211538461538461
0 0.33413461538461536 0.29086538461538464 0.24759615384615385 0.07451923076923077
0 0.3581730769230769 0.11658653846153846 0.2283653846153846 0.07211538461538461
0 0.3112980769230769 0.8016826923076923 0.22596153846153846 0.06971153846153846
0 0.3245192307692308 0.6274038461538461 0.21875 0.07211538461538461
0 0.7007211538461539 0.2247596153846154 0.21634615384615385 0.0673076923076923
0 0.7211538461538461 0.13581730769230768 0.24519230769230768 0.08173076923076923
0 0.7271634615384616 0.056490384615384616 0.23798076923076922 0.07692307692307693
0 0.7259615384615384 0.3173076923076923 0.28365384615384615 0.07932692307692307
0 0.7223557692307693 0.4098557692307692 0.2932692307692308 0.07692307692307693