0 0.1141826923076923 0.37740384615384615 0.0673076923076923 0.21634615384615385
0 0.036057692307692304 0.38221153846153844 0.07211538461538461 0.22596153846153846
0 0.20673076923076922 0.37740384615384615 0.07451923076923077 0.23557692307692307
0 0.7151442307692307 0.35216346153846156 0.0673076923076923 0.22596153846153846
0 0.796875 0.35096153846153844 0.0673076923076923 0.21634615384615385
0 0.37259615384615385 0.3762019230769231 0.06971153846153846 0.23317307692307693
0 0.5456730769230769 0.375 0.07692307692307693 0.25240384615384615
0 0.46274038461538464 0.3798076923076923 0.07932692307692307 0.24278846153846154
0 0.29086538461538464 0.3918269230769231 0.07932692307692307 0.2692307692307692
0 0.8846153846153846 0.3641826923076923 0.07211538461538461 0.23798076923076922
0 0.9651442307692307 0.3629807692307692 0.06490384615384616 0.2283653846153846
0 0.6346153846153846 0.38100961538461536 0.07451923076923077 0.27403846153846156
0 0.8161057692307693 0.6322115384615384 0.07451923076923077 0.29086538461538464
0 0.90625 0.640625 0.07932692307692307 0.2644230769230769
0 0.3076923076923077 0.6778846153846154 0.06971153846153846 0.25
0 0.9723557692307693 0.6454326923076923 0.05048076923076923 0.2860576923076923
0 0.04567307692307692 0.6947115384615384 0.06490384615384616 0.24759615384615385
0 0.7295673076923077 0.6610576923076923 0.06490384615384616 0.24759615384615385
0 0.13701923076923078 0.6923076923076923 0.08173076923076923 0.25721153846153844
0 0.21875 0.6899038461538461 0.06971153846153846 0.24278846153846154
0 0.39783653846153844 0.6826923076923077 0.07211538461538461 0.23076923076923078
0 0.6502403846153846 0.671875 0.0625 0.23557692307692307
0 0.47596153846153844 0.6875 0.06490384615384616 0.22596153846153846
0 0.5649038461538461 0.6850961538461539 0.06971153846153846 0.22115384615384615
0 0.6550480769230769 0.9507211538461539 0.06490384615384616 0.08173076923076923
0 0.5685096153846154 0.9555288461538461 0.06971153846153846 0.08173076923076923
0 0.48197115384615385 0.9579326923076923 0.07451923076923077 0.07932692307692307
0 0.3942307692307692 0.9615384615384616 0.0625 0.07211538461538461
0 0.13341346153846154 0.96875 0.06971153846153846 0.057692307692307696
0 0.30528846153846156 0.9651442307692307 0.0625 0.06490384615384616
0 0.7391826923076923 0.9495192307692307 0.06009615384615385 0.07451923076923077
0 0.8197115384615384 0.9459134615384616 0.0673076923076923 0.07451923076923077
0 0.21754807692307693 0.9699519230769231 0.06971153846153846 0.055288461538461536
0 0.9110576923076923 0.9435096153846154 0.06490384615384616 0.06971153846153846