0 0.5168269230769231 0.8197115384615384 0.052884615384615384 0.0673076923076923
0 0.26802884615384615 0.8173076923076923 0.06009615384615385 0.0625
0 0.34375 0.5492788461538461 0.052884615384615384 0.21875
0 0.08533653846153846 0.5456730769230769 0.055288461538461536 0.24278846153846154
0 0.019230769230769232 0.5480769230769231 0.038461538461538464 0.2548076923076923
0 0.17307692307692307 0.5384615384615384 0.06490384615384616 0.23798076923076922
0 0.7740384615384616 0.5336538461538461 0.0625 0.25
0 0.9423076923076923 0.5336538461538461 0.0625 0.2620192307692308
0 0.8605769230769231 0.5336538461538461 0.0673076923076923 0.25240384615384615
0 0.25721153846153844 0.5216346153846154 0.0625 0.2644230769230769
0 0.6009615384615384 0.3918269230769231 0.0673076923076923 0.4951923076923077
0 0.43028846153846156 0.37740384615384615 0.0625 0.4807692307692308
0 0.5120192307692307 0.2608173076923077 0.052884615384615384 0.29086538461538464
0 0.7692307692307693 0.24278846153846154 0.0625 0.2692307692307692
0 0.25721153846153844 0.2403846153846154 0.057692307692307696 0.24519230769230768
0 0.8605769230769231 0.23557692307692307 0.057692307692307696 0.2548076923076923
0 0.3449519230769231 0.22355769230769232 0.055288461538461536 0.22115384615384615