0 0.9038461538461539 0.2704326923076923 0.08173076923076923 0.27403846153846156
0 0.39783653846153844 0.2980769230769231 0.07692307692307693 0.3004807692307692
0 0.9723557692307693 0.27884615384615385 0.040865384615384616 0.25240384615384615
0 0.14182692307692307 0.3233173076923077 0.07692307692307693 0.2956730769230769
0 0.484375 0.3076923076923077 0.06971153846153846 0.2956730769230769
0 0.2247596153846154 0.3329326923076923 0.06971153846153846 0.23317307692307693
0 0.3112980769230769 0.3293269230769231 0.07692307692307693 0.24759615384615385
0 0.828125 0.3125 0.0673076923076923 0.22596153846153846
0 0.05889423076923077 0.3545673076923077 0.06971153846153846 0.25240384615384615
0 0.5697115384615384 0.3329326923076923 0.0673076923076923 0.23798076923076922
0 0.7379807692307693 0.3245192307692308 0.0673076923076923 0.23076923076923078
0 0.6538461538461539 0.33413461538461536 0.07211538461538461 0.22596153846153846
0 0.4963942307692308 0.6778846153846154 0.07211538461538461 0.22355769230769232
0 0.6730769230769231 0.6778846153846154 0.06490384615384616 0.22596153846153846
0 0.9831730769230769 0.6658653846153846 0.028846153846153848 0.2548076923076923
0 0.9278846153846154 0.6706730769230769 0.07932692307692307 0.24759615384615385
0 0.8473557692307693 0.6766826923076923 0.07692307692307693 0.23798076923076922
0 0.3293269230769231 0.7055288461538461 0.07211538461538461 0.25
0 0.5841346153846154 0.6959134615384616 0.07451923076923077 0.2620192307692308
0 0.2403846153846154 0.7139423076923077 0.07692307692307693 0.24759615384615385
0 0.16105769230769232 0.7223557692307693 0.08413461538461539 0.25721153846153844
0 0.07091346153846154 0.7283653846153846 0.07692307692307693 0.25961538461538464
0 0.7620192307692307 0.6995192307692307 0.07932692307692307 0.2692307692307692
0 0.42427884615384615 0.7896634615384616 0.09375 0.41586538461538464
0 0.5168269230769231 0.9182692307692307 0.06971153846153846 0.16105769230769232
0 0.6033653846153846 0.9182692307692307 0.06971153846153846 0.15144230769230768
0 0.9891826923076923 0.9026442307692307 0.016826923076923076 0.1466346153846154
0 0.26322115384615385 0.9350961538461539 0.07451923076923077 0.125
0 0.08533653846153846 0.9423076923076923 0.07932692307692307 0.11057692307692307
0 0.9459134615384616 0.9074519230769231 0.07211538461538461 0.13701923076923078
0 0.7752403846153846 0.9230769230769231 0.06971153846153846 0.125
0 0.3449519230769231 0.9399038461538461 0.06971153846153846 0.11538461538461539
0 0.6875 0.9423076923076923 0.06490384615384616 0.09375
0 0.17067307692307693 0.9603365384615384 0.057692307692307696 0.07451923076923077
0 0.8581730769230769 0.9362980769230769 0.06009615384615385 0.0889423076923077