0 0.5745192307692307 0.40384615384615385 0.27163461538461536 0.07932692307692307
0 0.5793269230769231 0.4891826923076923 0.2764423076923077 0.07692307692307693
0 0.5600961538461539 0.1502403846153846 0.28846153846153844 0.07692307692307693
0 0.5997596153846154 0.9795673076923077 0.24519230769230768 0.038461538461538464
0 0.5913461538461539 0.9242788461538461 0.2548076923076923 0.06971153846153846
0 0.546875 0.32572115384615385 0.25 0.08173076923076923
0 0.5420673076923077 0.2403846153846154 0.25721153846153844 0.07211538461538461
0 0.5276442307692307 0.0673076923076923 0.25240384615384615 0.07451923076923077
0 0.5673076923076923 0.8365384615384616 0.22596153846153846 0.0625
0 0.5504807692307693 0.578125 0.2403846153846154 0.0673076923076923
0 0.5576923076923077 0.7439903846153846 0.22596153846153846 0.0673076923076923
0 0.5516826923076923 0.6598557692307693 0.22355769230769232 0.07692307692307693
0 0.1935096153846154 0.5084134615384616 0.25 0.07451923076923077
0 0.21754807692307693 0.9891826923076923 0.25721153846153844 0.016826923076923076
0 0.20072115384615385 0.6838942307692307 0.23076923076923078 0.06490384615384616
0 0.2091346153846154 0.9435096153846154 0.2548076923076923 0.07451923076923077
0 0.20072115384615385 0.8557692307692307 0.25721153846153844 0.08413461538461539
0 0.18629807692307693 0.5949519230769231 0.27403846153846156 0.07932692307692307
0 0.16706730769230768 0.25 0.25721153846153844 0.07692307692307693
0 0.15504807692307693 0.07932692307692307 0.2668269230769231 0.07451923076923077
0 0.15865384615384615 0.16466346153846154 0.25961538461538464 0.07932692307692307
0 0.17908653846153846 0.7668269230769231 0.2764423076923077 0.08173076923076923
0 0.15625 0.3389423076923077 0.28846153846153844 0.06971153846153846
0 0.15504807692307693 0.4266826923076923 0.31009615384615385 0.08413461538461539
0 0.8137019230769231 0.5540865384615384 0.0889423076923077 0.06490384615384616
0 0.8173076923076923 0.7211538461538461 0.0985576923076923 0.0673076923076923
0 0.7896634615384616 0.21634615384615385 0.10576923076923077 0.06490384615384616
0 0.7728365384615384 0.04447115384615385 0.11057692307692307 0.06490384615384616
0 0.7752403846153846 0.13341346153846154 0.1201923076923077 0.052884615384615384
0 0.8004807692307693 0.6370192307692307 0.11778846153846154 0.06490384615384616
0 0.8173076923076923 0.9639423076923077 0.1201923076923077 0.04326923076923077
0 0.8088942307692307 0.8064903846153846 0.125 0.06971153846153846
0 0.78125 0.30408653846153844 0.12740384615384615 0.07692307692307693
0 0.7848557692307693 0.3870192307692308 0.13221153846153846 0.0673076923076923
0 0.8100961538461539 0.8930288461538461 0.12980769230769232 0.07451923076923077
0 0.7872596153846154 0.47475961538461536 0.12740384615384615 0.06971153846153846