0 0.9483173076923077 0.421875 0.07211538461538461 0.25240384615384615
0 0.5204326923076923 0.40865384615384615 0.07451923076923077 0.28365384615384615
0 0.7752403846153846 0.4266826923076923 0.07932692307692307 0.27403846153846156
0 0.8533653846153846 0.43149038461538464 0.08173076923076923 0.24759615384615385
0 0.6033653846153846 0.421875 0.0673076923076923 0.23557692307692307
0 0.028846153846153848 0.3942307692307692 0.057692307692307696 0.25961538461538464
0 0.09735576923076923 0.39903846153846156 0.07211538461538461 0.2283653846153846
0 0.43509615384615385 0.4182692307692308 0.0673076923076923 0.25
0 0.1875 0.40625 0.06971153846153846 0.24278846153846154
0 0.35336538461538464 0.4170673076923077 0.0673076923076923 0.23076923076923078
0 0.26802884615384615 0.42788461538461536 0.06971153846153846 0.21875
0 0.6899038461538461 0.45072115384615385 0.06490384615384616 0.22115384615384615
0 0.578125 0.7764423076923077 0.07211538461538461 0.21875
0 0.6598557692307693 0.7872596153846154 0.07211538461538461 0.24278846153846154
0 0.7463942307692307 0.7920673076923077 0.07692307692307693 0.23317307692307693
0 0.24519230769230768 0.7680288461538461 0.06971153846153846 0.23317307692307693
0 0.015625 0.7608173076923077 0.03125 0.2283653846153846
0 0.49158653846153844 0.7884615384615384 0.07692307692307693 0.2620192307692308
0 0.33653846153846156 0.7860576923076923 0.0889423076923077 0.2644230769230769
0 0.0733173076923077 0.7740384615384616 0.0673076923076923 0.24278846153846154
0 0.8317307692307693 0.8149038461538461 0.07932692307692307 0.2644230769230769
0 0.15865384615384615 0.7788461538461539 0.07211538461538461 0.25
0 0.921875 0.8221153846153846 0.0673076923076923 0.2548076923076923
0 0.41466346153846156 0.7992788461538461 0.07211538461538461 0.2620192307692308
0 0.109375 0.1622596153846154 0.06490384615384616 0.07932692307692307
0 0.03485576923076923 0.15745192307692307 0.040865384615384616 0.07932692307692307
0 0.6177884615384616 0.19230769230769232 0.057692307692307696 0.08173076923076923
0 0.2824519230769231 0.17668269230769232 0.06009615384615385 0.09134615384615384
0 0.7103365384615384 0.19951923076923078 0.04807692307692308 0.08173076923076923
0 0.7896634615384616 0.20552884615384615 0.07211538461538461 0.09134615384615384
0 0.8786057692307693 0.2127403846153846 0.07211538461538461 0.09615384615384616
0 0.19591346153846154 0.1814903846153846 0.05048076923076923 0.09615384615384616
0 0.5336538461538461 0.20072115384615385 0.06971153846153846 0.10817307692307693
0 0.9651442307692307 0.2247596153846154 0.0673076923076923 0.10576923076923077
0 0.3629807692307692 0.19471153846153846 0.05048076923076923 0.10336538461538461
0 0.45072115384615385 0.20192307692307693 0.04807692307692308 0.10336538461538461