0 0.5697115384615384 0.625 0.06971153846153846 0.21875
0 0.7367788461538461 0.6286057692307693 0.07692307692307693 0.2283653846153846
0 0.23798076923076922 0.5913461538461539 0.07211538461538461 0.22115384615384615
0 0.65625 0.6165865384615384 0.07451923076923077 0.24759615384615385
0 0.15264423076923078 0.5817307692307693 0.07451923076923077 0.23317307692307693
0 0.9134615384615384 0.6322115384615384 0.07211538461538461 0.25721153846153844
0 0.9711538461538461 0.6358173076923077 0.052884615384615384 0.25961538461538464
0 0.48677884615384615 0.6009615384615384 0.08173076923076923 0.25721153846153844
0 0.06850961538461539 0.5709134615384616 0.07211538461538461 0.2283653846153846
0 0.40384615384615385 0.5877403846153846 0.07451923076923077 0.25961538461538464
0 0.3245192307692308 0.5805288461538461 0.08173076923076923 0.25240384615384615
0 0.8233173076923077 0.6105769230769231 0.08413461538461539 0.2764423076923077
0 0.9399038461538461 0.359375 0.07932692307692307 0.2668269230769231
0 0.42788461538461536 0.32091346153846156 0.08173076923076923 0.2692307692307692
0 0.515625 0.3269230769230769 0.07932692307692307 0.28365384615384615
0 0.1778846153846154 0.29927884615384615 0.07932692307692307 0.2860576923076923
0 0.2644230769230769 0.296875 0.06971153846153846 0.2644230769230769
0 0.028846153846153848 0.27283653846153844 0.04807692307692308 0.2932692307692308
0 0.35216346153846156 0.29447115384615385 0.08173076923076923 0.2548076923076923
0 0.09375 0.27163461538461536 0.07451923076923077 0.24759615384615385
0 0.6021634615384616 0.30649038461538464 0.07451923076923077 0.23557692307692307
0 0.8545673076923077 0.31971153846153844 0.08173076923076923 0.22115384615384615
0 0.6850961538461539 0.3016826923076923 0.08413461538461539 0.23798076923076922
0 0.7704326923076923 0.3076923076923077 0.08173076923076923 0.23317307692307693