0 0.5360576923076923 0.9819711538461539 0.24519230769230768 0.03125
0 0.59375 0.1622596153846154 0.2764423076923077 0.07211538461538461
0 0.5673076923076923 0.4963942307692308 0.29086538461538464 0.07932692307692307
0 0.5709134615384616 0.41225961538461536 0.2764423076923077 0.07932692307692307
0 0.5276442307692307 0.9326923076923077 0.24278846153846154 0.06971153846153846
0 0.5637019230769231 0.3317307692307692 0.25240384615384615 0.08413461538461539
0 0.5649038461538461 0.23798076923076922 0.25961538461538464 0.07692307692307693
0 0.5757211538461539 0.07692307692307693 0.25721153846153844 0.07451923076923077
0 0.5324519230769231 0.5853365384615384 0.2283653846153846 0.07211538461538461
0 0.5120192307692307 0.8365384615384616 0.23557692307692307 0.07692307692307693
0 0.5180288461538461 0.75 0.23557692307692307 0.07451923076923077
0 0.5192307692307693 0.6646634615384616 0.2283653846153846 0.07211538461538461
0 0.18870192307692307 0.4723557692307692 0.25 0.08173076923076923
0 0.17067307692307693 0.6442307692307693 0.22596153846153846 0.06971153846153846
0 0.14903846153846154 0.9050480769230769 0.25721153846153844 0.07692307692307693
0 0.16706730769230768 0.5552884615384616 0.2764423076923077 0.08413461538461539
0 0.14903846153846154 0.8185096153846154 0.25961538461538464 0.07692307692307693
0 0.18870192307692307 0.2091346153846154 0.25 0.07692307692307693
0 0.19230769230769232 0.125 0.2620192307692308 0.08653846153846154
0 0.1935096153846154 0.042067307692307696 0.27163461538461536 0.08173076923076923
0 0.17307692307692307 0.30288461538461536 0.28365384615384615 0.07451923076923077
0 0.14302884615384615 0.7271634615384616 0.27163461538461536 0.0889423076923077
0 0.1658653846153846 0.38341346153846156 0.2932692307692308 0.08413461538461539
0 0.7980769230769231 0.5913461538461539 0.0985576923076923 0.06490384615384616
0 0.7848557692307693 0.7572115384615384 0.10817307692307693 0.0673076923076923
0 0.8185096153846154 0.25240384615384615 0.11057692307692307 0.06490384615384616
0 0.8233173076923077 0.08173076923076923 0.1201923076923077 0.06490384615384616
0 0.7788461538461539 0.6754807692307693 0.12740384615384615 0.06009615384615385
0 0.8137019230769231 0.16826923076923078 0.12980769230769232 0.057692307692307696
0 0.7860576923076923 0.5108173076923077 0.13942307692307693 0.07211538461538461
0 0.7512019230769231 0.9867788461538461 0.13701923076923078 0.021634615384615384
0 0.7608173076923077 0.8401442307692307 0.13942307692307693 0.07932692307692307
0 0.7944711538461539 0.33774038461538464 0.1466346153846154 0.0673076923076923
0 0.7860576923076923 0.4230769230769231 0.1466346153846154 0.0673076923076923
0 0.7512019230769231 0.9266826923076923 0.1466346153846154 0.07692307692307693