0 0.7475961538461539 0.3605769230769231 0.18269230769230768 0.05048076923076923
0 0.7512019230769231 0.18389423076923078 0.21153846153846154 0.06009615384615385
0 0.7355769230769231 0.8701923076923077 0.23317307692307693 0.06971153846153846
0 0.7451923076923077 0.021634615384615384 0.21394230769230768 0.036057692307692304
0 0.734375 0.7872596153846154 0.2283653846153846 0.0625
0 0.7295673076923077 0.9579326923076923 0.23557692307692307 0.0625
0 0.7355769230769231 0.4411057692307692 0.22355769230769232 0.0625
0 0.7307692307692307 0.2668269230769231 0.23798076923076922 0.06009615384615385
0 0.4723557692307692 0.5204326923076923 0.29086538461538464 0.06009615384615385
0 0.46274038461538464 0.6899038461538461 0.2403846153846154 0.06009615384615385
0 0.4639423076923077 0.02403846153846154 0.2644230769230769 0.04807692307692308
0 0.453125 0.6045673076923077 0.23798076923076922 0.057692307692307696
0 0.453125 0.26802884615384615 0.25 0.0625
0 0.44350961538461536 0.7752403846153846 0.2764423076923077 0.0673076923076923
0 0.43149038461538464 0.8665865384615384 0.23557692307692307 0.0625
0 0.4375 0.35096153846153844 0.21634615384615385 0.06490384615384616
0 0.43509615384615385 0.18269230769230768 0.22355769230769232 0.06490384615384616
0 0.09735576923076923 0.6875 0.1875 0.06490384615384616
0 0.09735576923076923 0.59375 0.1875 0.06490384615384616
0 0.09375 0.7740384615384616 0.1875 0.0625
0 0.09134615384615384 0.9471153846153846 0.18269230769230768 0.0673076923076923