0 0.7680288461538461 0.7319711538461539 0.18990384615384615 0.0673076923076923
0 0.7463942307692307 0.14423076923076922 0.1971153846153846 0.0673076923076923
0 0.7692307692307693 0.8185096153846154 0.19230769230769232 0.07211538461538461
0 0.7463942307692307 0.22716346153846154 0.20673076923076922 0.06971153846153846
0 0.7572115384615384 0.5661057692307693 0.2091346153846154 0.06971153846153846
0 0.7716346153846154 0.9699519230769231 0.1971153846153846 0.038461538461538464
0 0.7572115384615384 0.6466346153846154 0.19471153846153846 0.0673076923076923
0 0.7451923076923077 0.3137019230769231 0.20673076923076922 0.06971153846153846
0 0.7463942307692307 0.39903846153846156 0.2091346153846154 0.0625
0 0.7487980769230769 0.4807692307692308 0.21153846153846154 0.07211538461538461
0 0.7632211538461539 0.9038461538461539 0.21153846153846154 0.07211538461538461
0 0.4230769230769231 0.41947115384615385 0.21394230769230768 0.0673076923076923
0 0.4098557692307692 0.25240384615384615 0.2283653846153846 0.07211538461538461
0 0.42427884615384615 0.7512019230769231 0.22355769230769232 0.0673076923076923
0 0.40384615384615385 0.33774038461538464 0.24519230769230768 0.07211538461538461
0 0.4254807692307692 0.984375 0.22596153846153846 0.026442307692307692
0 0.4050480769230769 0.5 0.25 0.07451923076923077
0 0.4182692307692308 0.9242788461538461 0.23798076923076922 0.06490384615384616
0 0.41586538461538464 0.8389423076923077 0.25240384615384615 0.06971153846153846
0 0.3870192307692308 0.08052884615384616 0.24759615384615385 0.07692307692307693
0 0.40625 0.6670673076923077 0.25 0.0673076923076923
0 0.39783653846153844 0.5841346153846154 0.2548076923076923 0.06971153846153846
0 0.38341346153846156 0.16706730769230768 0.25 0.07211538461538461
0 0.13341346153846154 0.5 0.2644230769230769 0.06971153846153846
0 0.125 0.07572115384615384 0.25 0.07451923076923077
0 0.14302884615384615 0.84375 0.25961538461538464 0.07451923076923077
0 0.1310096153846154 0.5877403846153846 0.2548076923076923 0.07211538461538461
0 0.13942307692307693 0.9831730769230769 0.24519230769230768 0.028846153846153848
0 0.12620192307692307 0.6706730769230769 0.23798076923076922 0.07211538461538461
0 0.12740384615384615 0.9230769230769231 0.22355769230769232 0.07211538461538461
0 0.11778846153846154 0.7572115384615384 0.21634615384615385 0.0673076923076923
0 0.10576923076923077 0.41466346153846156 0.21153846153846154 0.07932692307692307
0 0.10216346153846154 0.25 0.20432692307692307 0.07692307692307693
0 0.10096153846153846 0.328125 0.20192307692307693 0.06971153846153846
0 0.09254807692307693 0.16105769230769232 0.18509615384615385 0.07211538461538461
0 0.75 0.051682692307692304 0.1778846153846154 0.07451923076923077