0 0.25721153846153844 0.11658653846153846 0.1971153846153846 0.06490384615384616
0 0.2620192307692308 0.03485576923076923 0.1971153846153846 0.06490384615384616
0 0.2608173076923077 0.20432692307692307 0.21153846153846154 0.0673076923076923
0 0.2439903846153846 0.7980769230769231 0.2091346153846154 0.057692307692307696
0 0.24879807692307693 0.7151442307692307 0.22115384615384615 0.06009615384615385
0 0.2608173076923077 0.37259615384615385 0.21634615384615385 0.057692307692307696
0 0.26322115384615385 0.5456730769230769 0.23317307692307693 0.0625
0 0.265625 0.46274038461538464 0.23798076923076922 0.06490384615384616
0 0.25 0.9627403846153846 0.22355769230769232 0.06009615384615385
0 0.2548076923076923 0.8858173076923077 0.2403846153846154 0.06490384615384616
0 0.2776442307692308 0.2932692307692308 0.25 0.07451923076923077
0 0.26802884615384615 0.6322115384615384 0.24519230769230768 0.06490384615384616
0 0.5228365384615384 0.8100961538461539 0.3004807692307692 0.06971153846153846
0 0.5504807692307693 0.04807692307692308 0.27403846153846156 0.07451923076923077
0 0.5240384615384616 0.9002403846153846 0.27163461538461536 0.07211538461538461
0 0.5276442307692307 0.9735576923076923 0.29086538461538464 0.04807692307692308
0 0.5600961538461539 0.2127403846153846 0.2283653846153846 0.057692307692307696
0 0.5552884615384616 0.3858173076923077 0.22115384615384615 0.0625
0 0.5649038461538461 0.13341346153846154 0.25961538461538464 0.07932692307692307
0 0.5456730769230769 0.7259615384615384 0.2548076923076923 0.06490384615384616
0 0.5649038461538461 0.30408653846153844 0.25240384615384615 0.06971153846153846
0 0.5576923076923077 0.6442307692307693 0.23798076923076922 0.06490384615384616
0 0.5673076923076923 0.4723557692307692 0.22115384615384615 0.057692307692307696
0 0.5649038461538461 0.5625 0.22355769230769232 0.06971153846153846
0 0.8930288461538461 0.6454326923076923 0.20192307692307693 0.06971153846153846
0 0.8990384615384616 0.3894230769230769 0.1971153846153846 0.07211538461538461
0 0.8918269230769231 0.7295673076923077 0.19951923076923078 0.06490384615384616
0 0.8990384615384616 0.4723557692307692 0.1971153846153846 0.07932692307692307
0 0.9014423076923077 0.2980769230769231 0.19230769230769232 0.07692307692307693
0 0.9038461538461539 0.21514423076923078 0.1875 0.06971153846153846
0 0.9050480769230769 0.12620192307692307 0.18509615384615385 0.06971153846153846
0 0.90625 0.05048076923076923 0.18269230769230768 0.07692307692307693
0 0.8882211538461539 0.8100961538461539 0.19951923076923078 0.07211538461538461
0 0.8846153846153846 0.9723557692307693 0.1971153846153846 0.05048076923076923
0 0.9002403846153846 0.5625 0.19230769230769232 0.07451923076923077
0 0.8894230769230769 0.9002403846153846 0.19230769230769232 0.07451923076923077