0 0.4050480769230769 0.24759615384615385 0.08173076923076923 0.18269230769230768
0 0.23918269230769232 0.26322115384615385 0.08173076923076923 0.18990384615384615
0 0.7403846153846154 0.22355769230769232 0.07211538461538461 0.19471153846153846
0 0.3233173076923077 0.2668269230769231 0.07451923076923077 0.21153846153846154
0 0.9134615384615384 0.21634615384615385 0.07692307692307693 0.20432692307692307
0 0.828125 0.22355769230769232 0.07932692307692307 0.21394230769230768
0 0.4891826923076923 0.2548076923076923 0.08413461538461539 0.22115384615384615
0 0.06610576923076923 0.2920673076923077 0.09615384615384616 0.21394230769230768
0 0.6586538461538461 0.24278846153846154 0.08173076923076923 0.22596153846153846
0 0.15865384615384615 0.28846153846153844 0.09134615384615384 0.23076923076923078
0 0.5745192307692307 0.2536057692307692 0.07692307692307693 0.23317307692307693
0 0.016826923076923076 0.3076923076923077 0.03365384615384615 0.23076923076923078
0 0.5060096153846154 0.5120192307692307 0.08653846153846154 0.28846153846153844
0 0.8413461538461539 0.48677884615384615 0.08173076923076923 0.28846153846153844
0 0.7584134615384616 0.5096153846153846 0.08653846153846154 0.25240384615384615
0 0.6706730769230769 0.5204326923076923 0.08653846153846154 0.23798076923076922
0 0.9278846153846154 0.49759615384615385 0.07451923076923077 0.21875
0 0.07572115384615384 0.5721153846153846 0.07211538461538461 0.2091346153846154
0 0.5913461538461539 0.5276442307692307 0.07692307692307693 0.23557692307692307
0 0.421875 0.5504807692307693 0.07692307692307693 0.2403846153846154
0 0.3389423076923077 0.5625 0.08653846153846154 0.23076923076923078
0 0.9819711538461539 0.5096153846153846 0.03125 0.21153846153846154
0 0.1658653846153846 0.5817307692307693 0.07211538461538461 0.2091346153846154
0 0.25841346153846156 0.5745192307692307 0.08653846153846154 0.22596153846153846
0 0.6237980769230769 0.8786057692307693 0.08173076923076923 0.19951923076923078
0 0.36778846153846156 0.8990384615384616 0.0673076923076923 0.1971153846153846
0 0.9567307692307693 0.8521634615384616 0.08173076923076923 0.22355769230769232
0 0.8798076923076923 0.859375 0.07932692307692307 0.21875
0 0.7067307692307693 0.875 0.08653846153846154 0.21634615384615385
0 0.7944711538461539 0.8689903846153846 0.07692307692307693 0.21394230769230768
0 0.2800480769230769 0.90625 0.08413461538461539 0.18269230769230768
0 0.19230769230769232 0.9122596153846154 0.08173076923076923 0.17067307692307693
0 0.10817307692307693 0.9158653846153846 0.07692307692307693 0.16346153846153846
0 0.5360576923076923 0.9002403846153846 0.07211538461538461 0.19230769230769232
0 0.453125 0.90625 0.08413461538461539 0.18269230769230768