0 0.4951923076923077 0.10576923076923077 0.22596153846153846 0.07451923076923077
0 0.49759615384615385 0.027644230769230768 0.22115384615384615 0.055288461538461536
0 0.4735576923076923 0.6165865384615384 0.22596153846153846 0.06009615384615385
0 0.4831730769230769 0.27283653846153844 0.23557692307692307 0.06009615384615385
0 0.4675480769230769 0.7055288461538461 0.23076923076923078 0.055288461538461536
0 0.4639423076923077 0.7848557692307693 0.24278846153846154 0.06971153846153846
0 0.48197115384615385 0.19230769230769232 0.24278846153846154 0.0625
0 0.4567307692307692 0.8689903846153846 0.2403846153846154 0.06971153846153846
0 0.4543269230769231 0.9627403846153846 0.2548076923076923 0.07211538461538461
0 0.46634615384615385 0.5288461538461539 0.25 0.07451923076923077
0 0.4699519230769231 0.3581730769230769 0.25961538461538464 0.06971153846153846
0 0.4675480769230769 0.44471153846153844 0.24519230769230768 0.06971153846153846
0 0.1935096153846154 0.5192307692307693 0.3004807692307692 0.06009615384615385
0 0.17307692307692307 0.9411057692307693 0.24519230769230768 0.07211538461538461
0 0.1658653846153846 0.8581730769230769 0.25 0.07211538461538461
0 0.17307692307692307 0.5973557692307693 0.2644230769230769 0.07211538461538461
0 0.16466346153846154 0.7680288461538461 0.2644230769230769 0.06490384615384616
0 0.17548076923076922 0.4338942307692308 0.25721153846153844 0.0673076923076923
0 0.1875 0.02283653846153846 0.2692307692307692 0.04567307692307692
0 0.1778846153846154 0.17067307692307693 0.2548076923076923 0.0673076923076923
0 0.17067307692307693 0.3449519230769231 0.23798076923076922 0.057692307692307696
0 0.16826923076923078 0.2620192307692308 0.23076923076923078 0.06490384615384616
0 0.17427884615384615 0.09495192307692307 0.25961538461538464 0.07451923076923077
0 0.14903846153846154 0.6826923076923077 0.22596153846153846 0.06490384615384616
0 0.7872596153846154 0.6141826923076923 0.12740384615384615 0.055288461538461536
0 0.78125 0.7944711538461539 0.11778846153846154 0.06009615384615385
0 0.8028846153846154 0.10096153846153846 0.11778846153846154 0.06009615384615385
0 0.7728365384615384 0.9615384615384616 0.12740384615384615 0.057692307692307696
0 0.7836538461538461 0.5300480769230769 0.1346153846153846 0.055288461538461536
0 0.7884615384615384 0.359375 0.13221153846153846 0.06009615384615385
0 0.7908653846153846 0.27524038461538464 0.1346153846153846 0.06009615384615385
0 0.7848557692307693 0.44591346153846156 0.1346153846153846 0.06009615384615385
0 0.7992788461538461 0.03125 0.13942307692307693 0.04326923076923077
0 0.7740384615384616 0.703125 0.15144230769230768 0.06009615384615385
0 0.7920673076923077 0.19230769230769232 0.1466346153846154 0.057692307692307696
0 0.7668269230769231 0.8713942307692307 0.13942307692307693 0.06971153846153846