0 0.8701923076923077 0.6862980769230769 0.06490384615384616 0.21634615384615385
0 0.9507211538461539 0.6887019230769231 0.0673076923076923 0.22596153846153846
0 0.7824519230769231 0.6766826923076923 0.07451923076923077 0.23076923076923078
0 0.27163461538461536 0.6466346153846154 0.0673076923076923 0.2283653846153846
0 0.18870192307692307 0.640625 0.0673076923076923 0.21875
0 0.6105769230769231 0.6610576923076923 0.0673076923076923 0.23076923076923078
0 0.4411057692307692 0.6466346153846154 0.07211538461538461 0.24278846153846154
0 0.5264423076923077 0.6490384615384616 0.07451923076923077 0.24519230769230768
0 0.10096153846153846 0.6237980769230769 0.06971153846153846 0.23317307692307693
0 0.030048076923076924 0.6141826923076923 0.06009615384615385 0.2283653846153846
0 0.6971153846153846 0.6466346153846154 0.07692307692307693 0.28365384615384615
0 0.35096153846153844 0.6262019230769231 0.07211538461538461 0.2692307692307692
0 0.19831730769230768 0.359375 0.06971153846153846 0.2956730769230769
0 0.10817307692307693 0.3485576923076923 0.07692307692307693 0.28846153846153844
0 0.037259615384615384 0.33774038461538464 0.0673076923076923 0.28846153846153844
0 0.9675480769230769 0.38461538461538464 0.06009615384615385 0.24519230769230768
0 0.6225961538461539 0.3641826923076923 0.06971153846153846 0.23317307692307693
0 0.7992788461538461 0.3713942307692308 0.0625 0.23317307692307693
0 0.2824519230769231 0.3425480769230769 0.06490384615384616 0.25
0 0.8798076923076923 0.3737980769230769 0.07932692307692307 0.2548076923076923
0 0.7115384615384616 0.3557692307692308 0.06971153846153846 0.25961538461538464
0 0.36778846153846156 0.33653846153846156 0.0625 0.23798076923076922
0 0.5408653846153846 0.3425480769230769 0.0625 0.22596153846153846
0 0.453125 0.33533653846153844 0.06971153846153846 0.22115384615384615
0 0.390625 0.055288461538461536 0.06971153846153846 0.11057692307692307
0 0.4807692307692308 0.054086538461538464 0.07451923076923077 0.10336538461538461
0 0.6550480769230769 0.06370192307692307 0.07211538461538461 0.11057692307692307
0 0.22355769230769232 0.04807692307692308 0.0673076923076923 0.09615384615384616
0 0.5673076923076923 0.056490384615384616 0.07932692307692307 0.10817307692307693
0 0.9747596153846154 0.08173076923076923 0.04567307692307692 0.11057692307692307
0 0.3076923076923077 0.04927884615384615 0.0673076923076923 0.0985576923076923
0 0.7415865384615384 0.06610576923076923 0.07211538461538461 0.10576923076923077
0 0.057692307692307696 0.039663461538461536 0.0673076923076923 0.07932692307692307
0 0.8269230769230769 0.0673076923076923 0.06971153846153846 0.0985576923076923
0 0.140625 0.040865384615384616 0.07451923076923077 0.08173076923076923
0 0.9134615384615384 0.07091346153846154 0.06971153846153846 0.09615384615384616