0 0.24879807692307693 0.9435096153846154 0.22115384615384615 0.07692307692307693
0 0.25600961538461536 0.8653846153846154 0.22596153846153846 0.06490384615384616
0 0.2644230769230769 0.7764423076923077 0.2283653846153846 0.06971153846153846
0 0.29927884615384615 0.18389423076923078 0.21153846153846154 0.06490384615384616
0 0.2776442307692308 0.6069711538461539 0.2283653846153846 0.0673076923076923
0 0.296875 0.2704326923076923 0.22596153846153846 0.06971153846153846
0 0.29927884615384615 0.43509615384615385 0.24278846153846154 0.07211538461538461
0 0.2980769230769231 0.5216346153846154 0.24519230769230768 0.07692307692307693
0 0.32091346153846156 0.09735576923076923 0.23317307692307693 0.0673076923076923
0 0.33052884615384615 0.027644230769230768 0.22355769230769232 0.055288461538461536
0 0.3137019230769231 0.34975961538461536 0.2692307692307692 0.06971153846153846
0 0.2956730769230769 0.6899038461538461 0.28365384615384615 0.07451923076923077
0 0.5865384615384616 0.10817307692307693 0.2644230769230769 0.07932692307692307
0 0.5432692307692307 0.9579326923076923 0.2668269230769231 0.07451923076923077
0 0.5853365384615384 0.19591346153846154 0.30528846153846156 0.07451923076923077
0 0.5985576923076923 0.03365384615384615 0.2956730769230769 0.0673076923076923
0 0.5769230769230769 0.6165865384615384 0.2548076923076923 0.06971153846153846
0 0.5673076923076923 0.8737980769230769 0.25240384615384615 0.07932692307692307
0 0.6033653846153846 0.28125 0.24759615384615385 0.06490384615384616
0 0.5757211538461539 0.796875 0.23798076923076922 0.0673076923076923
0 0.5817307692307693 0.7079326923076923 0.25 0.0625
0 0.6057692307692307 0.3641826923076923 0.2283653846153846 0.0625
0 0.6009615384615384 0.5348557692307693 0.22596153846153846 0.0625
0 0.6057692307692307 0.4519230769230769 0.21875 0.0673076923076923
0 0.9158653846153846 0.3918269230769231 0.16346153846153846 0.07211538461538461
0 0.90625 0.6490384615384616 0.17067307692307693 0.07211538461538461
0 0.8942307692307693 0.9014423076923077 0.17067307692307693 0.09134615384615384
0 0.9206730769230769 0.30528846153846156 0.15384615384615385 0.07211538461538461
0 0.9278846153846154 0.055288461538461536 0.13942307692307693 0.07211538461538461
0 0.9122596153846154 0.5661057692307693 0.17067307692307693 0.08413461538461539
0 0.9026442307692307 0.7391826923076923 0.16826923076923078 0.07932692307692307
0 0.8978365384615384 0.8245192307692307 0.17067307692307693 0.08653846153846154
0 0.921875 0.2247596153846154 0.15144230769230768 0.07932692307692307
0 0.8918269230769231 0.9831730769230769 0.16826923076923078 0.028846153846153848
0 0.9182692307692307 0.47596153846153844 0.15865384615384615 0.08173076923076923
0 0.9278846153846154 0.13942307692307693 0.13942307692307693 0.07692307692307693