0 0.9663461538461539 0.7271634615384616 0.0625 0.18990384615384615
0 0.5420673076923077 0.7536057692307693 0.057692307692307696 0.18990384615384615
0 0.45913461538461536 0.7584134615384616 0.057692307692307696 0.18509615384615385
0 0.36778846153846156 0.7632211538461539 0.057692307692307696 0.1875
0 0.9435096153846154 0.48677884615384615 0.07211538461538461 0.24519230769230768
0 0.7752403846153846 0.49158653846153844 0.07932692307692307 0.27403846153846156
0 0.5180288461538461 0.5084134615384616 0.07692307692307693 0.28125
0 0.8569711538461539 0.4795673076923077 0.07211538461538461 0.23798076923076922
0 0.6021634615384616 0.4951923076923077 0.07211538461538461 0.23798076923076922
0 0.4375 0.5060096153846154 0.06971153846153846 0.24519230769230768
0 0.0985576923076923 0.5288461538461539 0.07211538461538461 0.23557692307692307
0 0.18389423076923078 0.5204326923076923 0.07451923076923077 0.25
0 0.028846153846153848 0.5288461538461539 0.057692307692307696 0.2644230769230769
0 0.35096153846153844 0.5048076923076923 0.07451923076923077 0.23076923076923078
0 0.2668269230769231 0.5024038461538461 0.0673076923076923 0.21394230769230768
0 0.6862980769230769 0.47115384615384615 0.0673076923076923 0.22115384615384615
0 0.5685096153846154 0.14302884615384615 0.07692307692307693 0.22115384615384615
0 0.7391826923076923 0.12259615384615384 0.07692307692307693 0.23317307692307693
0 0.23317307692307693 0.15264423076923078 0.07211538461538461 0.23317307692307693
0 0.6514423076923077 0.125 0.07692307692307693 0.25
0 0.48677884615384615 0.12980769230769232 0.07692307692307693 0.25721153846153844
0 0.14783653846153846 0.15264423076923078 0.07692307692307693 0.2548076923076923
0 0.32211538461538464 0.13942307692307693 0.08173076923076923 0.2548076923076923
0 0.8209134615384616 0.11658653846153846 0.0889423076923077 0.23317307692307693
0 0.40024038461538464 0.1310096153846154 0.07692307692307693 0.24759615384615385
0 0.9074519230769231 0.11057692307692307 0.08413461538461539 0.22115384615384615
0 0.01201923076923077 0.15745192307692307 0.02403846153846154 0.23798076923076922
0 0.06490384615384616 0.15144230769230768 0.07211538461538461 0.2403846153846154
0 0.11177884615384616 0.8040865384615384 0.0673076923076923 0.15865384615384615
0 0.038461538461538464 0.8064903846153846 0.04567307692307692 0.15625
0 0.6262019230769231 0.7632211538461539 0.057692307692307696 0.16105769230769232
0 0.7139423076923077 0.7560096153846154 0.06009615384615385 0.15865384615384615
0 0.28725961538461536 0.78125 0.057692307692307696 0.16346153846153846
0 0.7980769230769231 0.7451923076923077 0.0673076923076923 0.17307692307692307
0 0.203125 0.7860576923076923 0.057692307692307696 0.17548076923076922
0 0.8882211538461539 0.7355769230769231 0.057692307692307696 0.17067307692307693