0 0.2668269230769231 0.2091346153846154 0.21875 0.057692307692307696
0 0.27283653846153844 0.039663461538461536 0.22355769230769232 0.06009615384615385
0 0.24519230769230768 0.8942307692307693 0.21394230769230768 0.0625
0 0.24519230769230768 0.9603365384615384 0.23076923076923078 0.06490384615384616
0 0.27283653846153844 0.12379807692307693 0.2283653846153846 0.06490384615384616
0 0.2536057692307692 0.8088942307692307 0.23317307692307693 0.06009615384615385
0 0.25600961538461536 0.7247596153846154 0.23798076923076922 0.06490384615384616
0 0.27163461538461536 0.2980769230769231 0.2283653846153846 0.057692307692307696
0 0.25961538461538464 0.640625 0.22355769230769232 0.055288461538461536
0 0.2704326923076923 0.47475961538461536 0.21394230769230768 0.055288461538461536
0 0.28365384615384615 0.5564903846153846 0.25240384615384615 0.07451923076923077
0 0.28846153846153844 0.38461538461538464 0.27884615384615385 0.07211538461538461
0 0.6177884615384616 0.296875 0.22355769230769232 0.06009615384615385
0 0.6033653846153846 0.9002403846153846 0.22355769230769232 0.07211538461538461
0 0.6105769230769231 0.7295673076923077 0.2403846153846154 0.06009615384615385
0 0.6033653846153846 0.9711538461538461 0.22115384615384615 0.052884615384615384
0 0.625 0.3858173076923077 0.23076923076923078 0.057692307692307696
0 0.6117788461538461 0.8088942307692307 0.23798076923076922 0.06971153846153846
0 0.6346153846153846 0.22115384615384615 0.24759615384615385 0.08653846153846154
0 0.6201923076923077 0.6466346153846154 0.25721153846153844 0.0673076923076923
0 0.625 0.5576923076923077 0.24759615384615385 0.0673076923076923
0 0.6310096153846154 0.4735576923076923 0.24759615384615385 0.07692307692307693
0 0.6466346153846154 0.037259615384615384 0.25721153846153844 0.06490384615384616
0 0.6454326923076923 0.12379807692307693 0.29086538461538464 0.06971153846153846
0 0.8762019230769231 0.4855769230769231 0.24278846153846154 0.07692307692307693
0 0.8966346153846154 0.056490384615384616 0.20192307692307693 0.06009615384615385
0 0.8930288461538461 0.2283653846153846 0.2091346153846154 0.0625
0 0.8966346153846154 0.1466346153846154 0.20192307692307693 0.08173076923076923
0 0.890625 0.5661057692307693 0.21153846153846154 0.06490384615384616
0 0.8954326923076923 0.4014423076923077 0.20432692307692307 0.0625
0 0.8762019230769231 0.9747596153846154 0.21394230769230768 0.04567307692307692
0 0.8942307692307693 0.65625 0.19471153846153846 0.06009615384615385
0 0.8882211538461539 0.8209134615384616 0.19951923076923078 0.06009615384615385
0 0.8858173076923077 0.9050480769230769 0.1971153846153846 0.07211538461538461
0 0.9014423076923077 0.7415865384615384 0.1778846153846154 0.0673076923076923
0 0.9134615384615384 0.31850961538461536 0.16826923076923078 0.06971153846153846