0 0.6514423076923077 0.890625 0.22355769230769232 0.07932692307692307
0 0.6033653846153846 0.3737980769230769 0.22115384615384615 0.06971153846153846
0 0.6526442307692307 0.9627403846153846 0.21634615384615385 0.06490384615384616
0 0.5853365384615384 0.21033653846153846 0.2403846153846154 0.09134615384615384
0 0.5913461538461539 0.2956730769230769 0.2283653846153846 0.07451923076923077
0 0.6334134615384616 0.7992788461538461 0.23317307692307693 0.07692307692307693
0 0.625 0.71875 0.23076923076923078 0.07211538461538461
0 0.5721153846153846 0.12980769230769232 0.24278846153846154 0.0985576923076923
0 0.6153846153846154 0.6334134615384616 0.25961538461538464 0.08173076923076923
0 0.5625 0.03365384615384615 0.24519230769230768 0.0673076923076923
0 0.5973557692307693 0.4639423076923077 0.24278846153846154 0.07692307692307693
0 0.6009615384615384 0.5444711538461539 0.2548076923076923 0.07932692307692307
0 0.28966346153846156 0.06370192307692307 0.25240384615384615 0.08173076923076923
0 0.3245192307692308 0.49038461538461536 0.2860576923076923 0.08413461538461539
0 0.29086538461538464 0.1502403846153846 0.2548076923076923 0.08173076923076923
0 0.31009615384615385 0.40865384615384615 0.25721153846153844 0.07932692307692307
0 0.29447115384615385 0.23557692307692307 0.28125 0.08653846153846154
0 0.32211538461538464 0.5745192307692307 0.2620192307692308 0.08173076923076923
0 0.3269230769230769 0.6610576923076923 0.23798076923076922 0.07932692307692307
0 0.35216346153846156 0.9759615384615384 0.28125 0.04326923076923077
0 0.33533653846153844 0.8233173076923077 0.24519230769230768 0.07932692307692307
0 0.3389423076923077 0.9170673076923077 0.2548076923076923 0.07932692307692307
0 0.27884615384615385 0.3269230769230769 0.2283653846153846 0.07692307692307693
0 0.3125 0.7451923076923077 0.21875 0.07211538461538461
0 0.038461538461538464 0.5276442307692307 0.07451923076923077 0.06971153846153846
0 0.03245192307692308 0.3557692307692308 0.06490384615384616 0.07692307692307693
0 0.03365384615384615 0.4387019230769231 0.0673076923076923 0.06490384615384616
0 0.02283653846153846 0.2764423076923077 0.04567307692307692 0.0673076923076923
0 0.0625 0.8641826923076923 0.06490384615384616 0.0625
0 0.051682692307692304 0.7728365384615384 0.06009615384615385 0.0673076923076923
0 0.04326923076923077 0.6899038461538461 0.057692307692307696 0.0625