0 0.16346153846153846 0.16706730769230768 0.06009615384615385 0.04807692307692308
0 0.23076923076923078 0.9362980769230769 0.09615384615384616 0.06009615384615385
0 0.18990384615384615 0.34134615384615385 0.11538461538461539 0.06490384615384616
0 0.1971153846153846 0.4206730769230769 0.10576923076923077 0.0625
0 0.22716346153846154 0.8509615384615384 0.11538461538461539 0.0625
0 0.203125 0.5060096153846154 0.12259615384615384 0.06490384615384616
0 0.18990384615384615 0.2536057692307692 0.11538461538461539 0.06009615384615385
0 0.22355769230769232 0.7584134615384616 0.11538461538461539 0.0673076923076923
0 0.22115384615384615 0.6790865384615384 0.12980769230769232 0.07211538461538461
0 0.17908653846153846 0.07932692307692307 0.12740384615384615 0.057692307692307696
0 0.21754807692307693 0.5949519230769231 0.12980769230769232 0.0673076923076923
0 0.5132211538461539 0.65625 0.21875 0.0673076923076923
0 0.5336538461538461 0.9146634615384616 0.24278846153846154 0.07451923076923077
0 0.5360576923076923 0.828125 0.24759615384615385 0.08413461538461539
0 0.5180288461538461 0.5685096153846154 0.27163461538461536 0.08173076923076923
0 0.49278846153846156 0.22596153846153846 0.2548076923076923 0.07932692307692307
0 0.4855769230769231 0.055288461538461536 0.25961538461538464 0.07932692307692307
0 0.49158653846153844 0.14182692307692307 0.25961538461538464 0.08413461538461539
0 0.5456730769230769 0.7415865384615384 0.2668269230769231 0.07932692307692307
0 0.6514423076923077 0.39302884615384615 0.5048076923076923 0.10576923076923077
0 0.7956730769230769 0.46875 0.2932692307692308 0.07451923076923077
0 0.7764423076923077 0.038461538461538464 0.2644230769230769 0.07692307692307693
0 0.7908653846153846 0.2127403846153846 0.27403846153846156 0.08173076923076923
0 0.8293269230769231 0.7223557692307693 0.25240384615384615 0.07451923076923077
0 0.8004807692307693 0.12139423076923077 0.23557692307692307 0.07211538461538461
0 0.8425480769230769 0.6346153846153846 0.2283653846153846 0.07211538461538461