0 0.25 0.4891826923076923 0.20673076923076922 0.0673076923076923
0 0.26802884615384615 0.6610576923076923 0.21394230769230768 0.06490384615384616
0 0.28365384615384615 0.9206730769230769 0.2283653846153846 0.06490384615384616
0 0.2920673076923077 0.9783653846153846 0.23798076923076922 0.038461538461538464
0 0.25600961538461536 0.31850961538461536 0.23557692307692307 0.0673076923076923
0 0.28365384615384615 0.8365384615384616 0.2283653846153846 0.06971153846153846
0 0.25240384615384615 0.1466346153846154 0.24759615384615385 0.07932692307692307
0 0.2776442307692308 0.5721153846153846 0.24519230769230768 0.07211538461538461
0 0.2512019230769231 0.06009615384615385 0.25240384615384615 0.06971153846153846
0 0.25961538461538464 0.22956730769230768 0.24278846153846154 0.07211538461538461
0 0.2692307692307692 0.4026442307692308 0.24519230769230768 0.0673076923076923
0 0.2920673076923077 0.7475961538461539 0.25240384615384615 0.07211538461538461
0 0.5396634615384616 0.47836538461538464 0.3004807692307692 0.0673076923076923
0 0.5552884615384616 0.5625 0.2932692307692308 0.07692307692307693
0 0.5793269230769231 0.8990384615384616 0.25961538461538464 0.07932692307692307
0 0.5576923076923077 0.39302884615384615 0.25 0.07451923076923077
0 0.5901442307692307 0.9699519230769231 0.27163461538461536 0.055288461538461536
0 0.5408653846153846 0.040865384615384616 0.25240384615384615 0.06490384615384616
0 0.5564903846153846 0.30408653846153844 0.24519230769230768 0.06971153846153846
0 0.5528846153846154 0.22235576923076922 0.27163461538461536 0.07692307692307693
0 0.5817307692307693 0.7307692307692307 0.24759615384615385 0.0673076923076923
0 0.5973557692307693 0.8112980769230769 0.21634615384615385 0.08173076923076923
0 0.5901442307692307 0.6418269230769231 0.21634615384615385 0.06971153846153846
0 0.5649038461538461 0.1310096153846154 0.21875 0.06971153846153846
0 0.8978365384615384 0.2860576923076923 0.18028846153846154 0.07692307692307693
0 0.9026442307692307 0.3762019230769231 0.17548076923076922 0.07451923076923077
0 0.8858173076923077 0.03245192307692308 0.17548076923076922 0.06490384615384616
0 0.8978365384615384 0.203125 0.17548076923076922 0.08413461538461539
0 0.8966346153846154 0.109375 0.16346153846153846 0.0673076923076923