0 0.2800480769230769 0.5516826923076923 0.2644230769230769 0.06490384615384616
0 0.29086538461538464 0.4675480769230769 0.27403846153846156 0.06490384615384616
0 0.27524038461538464 0.9627403846153846 0.2644230769230769 0.06490384615384616
0 0.3112980769230769 0.03485576923076923 0.24759615384615385 0.06971153846153846
0 0.30528846153846156 0.2980769230769231 0.25721153846153844 0.0673076923076923
0 0.3016826923076923 0.38341346153846156 0.24278846153846154 0.0625
0 0.29086538461538464 0.7199519230769231 0.24759615384615385 0.06490384615384616
0 0.2860576923076923 0.8870192307692307 0.2692307692307692 0.07692307692307693
0 0.3088942307692308 0.2127403846153846 0.27403846153846156 0.07451923076923077
0 0.3112980769230769 0.6358173076923077 0.21634615384615385 0.06490384615384616
0 0.3293269230769231 0.1201923076923077 0.22115384615384615 0.0625
0 0.3076923076923077 0.8052884615384616 0.22596153846153846 0.0625
0 0.6814903846153846 0.21995192307692307 0.22596153846153846 0.06490384615384616
0 0.6923076923076923 0.13701923076923078 0.24519230769230768 0.0889423076923077
0 0.6971153846153846 0.046875 0.2403846153846154 0.0673076923076923
0 0.7007211538461539 0.3112980769230769 0.28846153846153844 0.06971153846153846
0 0.6995192307692307 0.40024038461538464 0.2932692307692308 0.06971153846153846