0 0.25 0.2668269230769231 0.0673076923076923 0.22355769230769232
0 0.07451923076923077 0.28125 0.07211538461538461 0.21394230769230768
0 0.5901442307692307 0.25 0.06490384615384616 0.22355769230769232
0 0.16947115384615385 0.2824519230769231 0.06971153846153846 0.23317307692307693
0 0.020432692307692308 0.29086538461538464 0.040865384615384616 0.22115384615384615
0 0.5072115384615384 0.2620192307692308 0.07932692307692307 0.24278846153846154
0 0.42908653846153844 0.27403846153846156 0.07451923076923077 0.25240384615384615
0 0.8509615384615384 0.25600961538461536 0.08653846153846154 0.25
0 0.3389423076923077 0.29927884615384615 0.07451923076923077 0.25240384615384615
0 0.7632211538461539 0.27163461538461536 0.0889423076923077 0.2403846153846154
0 0.6790865384615384 0.27524038461538464 0.07211538461538461 0.2283653846153846
0 0.9471153846153846 0.2704326923076923 0.06971153846153846 0.2403846153846154
0 0.09735576923076923 0.5661057692307693 0.07211538461538461 0.22355769230769232
0 0.7740384615384616 0.5300480769230769 0.08173076923076923 0.2764423076923077
0 0.6021634615384616 0.5432692307692307 0.08413461538461539 0.25961538461538464
0 0.6887019230769231 0.5348557692307693 0.06971153846153846 0.22355769230769232
0 0.03125 0.5841346153846154 0.0625 0.27403846153846156
0 0.4423076923076923 0.5588942307692307 0.07211538461538461 0.25721153846153844
0 0.18509615384615385 0.5841346153846154 0.07451923076923077 0.23798076923076922
0 0.35697115384615385 0.5805288461538461 0.07211538461538461 0.23557692307692307
0 0.27524038461538464 0.5997596153846154 0.07211538461538461 0.2283653846153846
0 0.051682692307692304 0.9134615384615384 0.06009615384615385 0.16826923076923078
0 0.20552884615384615 0.9074519230769231 0.07451923076923077 0.18028846153846154
0 0.12139423076923077 0.9134615384615384 0.06971153846153846 0.16826923076923078
0 0.6225961538461539 0.90625 0.07932692307692307 0.17307692307692307
0 0.7103365384615384 0.8978365384615384 0.07451923076923077 0.1778846153846154
0 0.5396634615384616 0.9122596153846154 0.08173076923076923 0.17307692307692307
0 0.7956730769230769 0.8942307692307693 0.07692307692307693 0.17307692307692307
0 0.9579326923076923 0.8846153846153846 0.07932692307692307 0.17307692307692307
0 0.8798076923076923 0.8894230769230769 0.08653846153846154 0.17067307692307693
0 0.4567307692307692 0.9158653846153846 0.07692307692307693 0.16346153846153846
0 0.2932692307692308 0.9230769230769231 0.08173076923076923 0.14903846153846154