0 0.24759615384615385 0.7331730769230769 0.0673076923076923 0.21634615384615385
0 0.7451923076923077 0.7548076923076923 0.0673076923076923 0.21634615384615385
0 0.8353365384615384 0.7524038461538461 0.07451923076923077 0.23076923076923078
0 0.9194711538461539 0.7560096153846154 0.06490384615384616 0.22355769230769232
0 0.49278846153846156 0.7307692307692307 0.06971153846153846 0.23317307692307693
0 0.6598557692307693 0.7355769230769231 0.08653846153846154 0.24519230769230768
0 0.5805288461538461 0.7307692307692307 0.0673076923076923 0.23798076923076922
0 0.5853365384615384 0.6129807692307693 0.08653846153846154 0.46875
0 0.5024038461538461 0.5697115384615384 0.08413461538461539 0.4735576923076923
0 0.7572115384615384 0.46033653846153844 0.07211538461538461 0.2644230769230769
0 0.6682692307692307 0.45552884615384615 0.07451923076923077 0.24759615384615385
0 0.3329326923076923 0.43149038461538464 0.07692307692307693 0.2620192307692308
0 0.9302884615384616 0.453125 0.07451923076923077 0.25721153846153844
0 0.4182692307692308 0.4230769230769231 0.0673076923076923 0.2283653846153846
0 0.15985576923076922 0.4050480769230769 0.057692307692307696 0.22355769230769232
0 0.5240384615384616 0.10216346153846154 0.06971153846153846 0.19951923076923078
0 0.6117788461538461 0.10576923076923077 0.07211538461538461 0.18990384615384615
0 0.6935096153846154 0.10817307692307693 0.0673076923076923 0.19471153846153846
0 0.27163461538461536 0.09014423076923077 0.08653846153846154 0.18028846153846154
0 0.35216346153846156 0.09254807692307693 0.07451923076923077 0.18509615384615385
0 0.18269230769230768 0.08774038461538461 0.08173076923076923 0.17548076923076922
0 0.8653846153846154 0.1141826923076923 0.07932692307692307 0.18509615384615385
0 0.78125 0.11057692307692307 0.07451923076923077 0.1875