0 0.29927884615384615 0.039663461538461536 0.24278846153846154 0.0673076923076923
0 0.26802884615384615 0.96875 0.27403846153846156 0.052884615384615384
0 0.2932692307692308 0.38461538461538464 0.22596153846153846 0.055288461538461536
0 0.30288461538461536 0.12980769230769232 0.2548076923076923 0.07692307692307693
0 0.27524038461538464 0.9014423076923077 0.25961538461538464 0.07211538461538461
0 0.3004807692307692 0.21033653846153846 0.23317307692307693 0.057692307692307696
0 0.2860576923076923 0.7247596153846154 0.2548076923076923 0.06490384615384616
0 0.28365384615384615 0.8076923076923077 0.2644230769230769 0.0673076923076923
0 0.30528846153846156 0.3004807692307692 0.24278846153846154 0.06009615384615385
0 0.296875 0.640625 0.23076923076923078 0.0625
0 0.3076923076923077 0.4723557692307692 0.22596153846153846 0.0625
0 0.3112980769230769 0.5564903846153846 0.22115384615384615 0.06490384615384616
0 0.6370192307692307 0.9002403846153846 0.22355769230769232 0.07211538461538461
0 0.6442307692307693 0.7307692307692307 0.22596153846153846 0.06009615384615385
0 0.6418269230769231 0.9711538461538461 0.22596153846153846 0.052884615384615384
0 0.6610576923076923 0.3858173076923077 0.23076923076923078 0.055288461538461536
0 0.6646634615384616 0.3004807692307692 0.22596153846153846 0.057692307692307696
0 0.6694711538461539 0.21875 0.2403846153846154 0.07211538461538461
0 0.6502403846153846 0.8137019230769231 0.23317307692307693 0.06490384615384616
0 0.6754807692307693 0.12980769230769232 0.2403846153846154 0.07692307692307693
0 0.6802884615384616 0.040865384615384616 0.2548076923076923 0.07451923076923077
0 0.6634615384615384 0.6454326923076923 0.25721153846153844 0.07211538461538461
0 0.6658653846153846 0.5564903846153846 0.24759615384615385 0.0673076923076923
0 0.6706730769230769 0.4735576923076923 0.24519230769230768 0.07451923076923077
0 0.9038461538461539 0.4831730769230769 0.1875 0.0673076923076923
0 0.9134615384615384 0.06370192307692307 0.16826923076923078 0.07451923076923077
0 0.8930288461538461 0.9747596153846154 0.18028846153846154 0.04567307692307692
0 0.9086538461538461 0.5697115384615384 0.17548076923076922 0.0625
0 0.9146634615384616 0.39903846153846156 0.1658653846153846 0.0625
0 0.9170673076923077 0.22716346153846154 0.16105769230769232 0.06490384615384616
0 0.9194711538461539 0.14302884615384615 0.15625 0.06971153846153846
0 0.9146634615384616 0.6538461538461539 0.15865384615384615 0.0673076923076923
0 0.9086538461538461 0.8209134615384616 0.15865384615384615 0.06009615384615385
0 0.90625 0.9074519230769231 0.15625 0.06490384615384616
0 0.9230769230769231 0.7379807692307693 0.1346153846153846 0.0673076923076923
0 0.9350961538461539 0.3173076923076923 0.125 0.0673076923076923