0 0.23798076923076922 0.2776442307692308 0.21634615384615385 0.0673076923076923
0 0.2764423076923077 0.7740384615384616 0.21634615384615385 0.06971153846153846
0 0.29086538461538464 0.8641826923076923 0.23317307692307693 0.07932692307692307
0 0.2980769230769231 0.9483173076923077 0.22355769230769232 0.06971153846153846
0 0.2704326923076923 0.5204326923076923 0.23317307692307693 0.07451923076923077
0 0.2848557692307692 0.6875 0.24759615384615385 0.09134615384615384
0 0.28125 0.6081730769230769 0.23798076923076922 0.07211538461538461
0 0.39903846153846156 0.5985576923076923 0.46875 0.09375
0 0.43028846153846156 0.5108173076923077 0.4735576923076923 0.09375
0 0.5709134615384616 0.75 0.2620192307692308 0.07451923076923077
0 0.5649038461538461 0.6622596153846154 0.25 0.07932692307692307
0 0.5480769230769231 0.32572115384615385 0.2644230769230769 0.07932692307692307
0 0.5997596153846154 0.9206730769230769 0.25721153846153844 0.07692307692307693
0 0.5661057692307693 0.4098557692307692 0.2283653846153846 0.07211538461538461
0 0.5528846153846154 0.1502403846153846 0.22355769230769232 0.06009615384615385
0 0.8978365384615384 0.47596153846153844 0.20192307692307693 0.07451923076923077
0 0.9026442307692307 0.5649038461538461 0.18990384615384615 0.07692307692307693
0 0.9050480769230769 0.6442307692307693 0.18509615384615385 0.07692307692307693
0 0.8858173076923077 0.22115384615384615 0.1875 0.08653846153846154
0 0.890625 0.3016826923076923 0.19230769230769232 0.07451923076923077
0 0.8786057692307693 0.13221153846153846 0.19230769230769232 0.08173076923076923
0 0.9146634615384616 0.8161057692307693 0.1658653846153846 0.08413461538461539
0 0.9122596153846154 0.7319711538461539 0.17067307692307693 0.07932692307692307