0 0.8701923076923077 0.23798076923076922 0.06009615384615385 0.19471153846153846
0 0.9519230769230769 0.23798076923076922 0.06009615384615385 0.19471153846153846
0 0.7824519230769231 0.24639423076923078 0.06490384615384616 0.2091346153846154
0 0.18870192307692307 0.25961538461538464 0.052884615384615384 0.20673076923076922
0 0.27163461538461536 0.25961538461538464 0.057692307692307696 0.21875
0 0.6141826923076923 0.2536057692307692 0.055288461538461536 0.21394230769230768
0 0.4423076923076923 0.265625 0.06009615384615385 0.23076923076923078
0 0.5252403846153846 0.2644230769230769 0.0625 0.23557692307692307
0 0.027644230769230768 0.27524038461538464 0.055288461538461536 0.22355769230769232
0 0.10216346153846154 0.27524038461538464 0.0625 0.23798076923076922
0 0.6947115384615384 0.2668269230769231 0.06971153846153846 0.24759615384615385
0 0.3557692307692308 0.27524038461538464 0.06009615384615385 0.24278846153846154
0 0.19230769230769232 0.5384615384615384 0.06490384615384616 0.2980769230769231
0 0.953125 0.5264423076923077 0.06971153846153846 0.27163461538461536
0 0.10216346153846154 0.5456730769230769 0.0673076923076923 0.2692307692307692
0 0.025240384615384616 0.5528846153846154 0.04807692307692308 0.2860576923076923
0 0.7908653846153846 0.5456730769230769 0.055288461538461536 0.22596153846153846
0 0.6177884615384616 0.5492788461538461 0.06009615384615385 0.21875
0 0.8701923076923077 0.5456730769230769 0.07451923076923077 0.25721153846153844
0 0.2764423076923077 0.5576923076923077 0.06009615384615385 0.25240384615384615
0 0.6995192307692307 0.5540865384615384 0.06490384615384616 0.25
0 0.359375 0.5649038461538461 0.0625 0.23557692307692307
0 0.53125 0.5661057692307693 0.055288461538461536 0.21875
0 0.4411057692307692 0.5685096153846154 0.0673076923076923 0.22115384615384615
0 0.375 0.8990384615384616 0.0673076923076923 0.1971153846153846
0 0.6322115384615384 0.8954326923076923 0.06490384615384616 0.19951923076923078
0 0.29086538461538464 0.9002403846153846 0.0625 0.19471153846153846
0 0.5492788461538461 0.8978365384615384 0.07211538461538461 0.1971153846153846
0 0.7235576923076923 0.8954326923076923 0.06971153846153846 0.1971153846153846
0 0.8064903846153846 0.8954326923076923 0.0625 0.19471153846153846
0 0.8954326923076923 0.8918269230769231 0.0625 0.1971153846153846
0 0.9663461538461539 0.890625 0.0625 0.19951923076923078
0 0.21033653846153846 0.9014423076923077 0.06971153846153846 0.19230769230769232
0 0.039663461538461536 0.9050480769230769 0.06490384615384616 0.18509615384615385
0 0.45913461538461536 0.9038461538461539 0.06971153846153846 0.18990384615384615
0 0.1201923076923077 0.90625 0.07211538461538461 0.18269230769230768