0 0.14182692307692307 0.7139423076923077 0.06971153846153846 0.24278846153846154
0 0.48197115384615385 0.7223557692307693 0.06971153846153846 0.25961538461538464
0 0.052884615384615384 0.7067307692307693 0.06971153846153846 0.2403846153846154
0 0.39903846153846156 0.7163461538461539 0.0673076923076923 0.25
0 0.22956730769230768 0.7103365384615384 0.06971153846153846 0.2644230769230769
0 0.5649038461538461 0.71875 0.07451923076923077 0.24278846153846154
0 0.90625 0.7271634615384616 0.06971153846153846 0.2283653846153846
0 0.6502403846153846 0.7163461538461539 0.0673076923076923 0.23798076923076922
0 0.8185096153846154 0.7211538461538461 0.07451923076923077 0.24519230769230768
0 0.9711538461538461 0.7271634615384616 0.040865384615384616 0.2283653846153846
0 0.3125 0.6935096153846154 0.06490384615384616 0.21153846153846154
0 0.7295673076923077 0.7067307692307693 0.0673076923076923 0.1971153846153846
0 0.41947115384615385 0.36778846153846156 0.07692307692307693 0.22355769230769232
0 0.25240384615384615 0.35336538461538464 0.07932692307692307 0.23557692307692307
0 0.33533653846153844 0.34975961538461536 0.0673076923076923 0.24278846153846154
0 0.07932692307692307 0.33653846153846156 0.07451923076923077 0.28125
0 0.75 0.359375 0.06009615384615385 0.2283653846153846
0 0.6646634615384616 0.35216346153846156 0.07211538461538461 0.2668269230769231
0 0.8365384615384616 0.3581730769230769 0.0673076923076923 0.24759615384615385
0 0.9831730769230769 0.3629807692307692 0.028846153846153848 0.21153846153846154
0 0.4987980769230769 0.3425480769230769 0.06971153846153846 0.2403846153846154
0 0.5793269230769231 0.3425480769230769 0.06490384615384616 0.25961538461538464
0 0.9242788461538461 0.3545673076923077 0.06490384615384616 0.2548076923076923
0 0.1658653846153846 0.3245192307692308 0.07451923076923077 0.24759615384615385
0 0.4987980769230769 0.10336538461538461 0.0673076923076923 0.20432692307692307
0 0.07572115384615384 0.09495192307692307 0.07451923076923077 0.18990384615384615
0 0.5865384615384616 0.09975961538461539 0.06490384615384616 0.19230769230769232
0 0.8401442307692307 0.109375 0.0625 0.19230769230769232
0 0.984375 0.11538461538461539 0.026442307692307692 0.19230769230769232
0 0.921875 0.1045673076923077 0.07692307692307693 0.1778846153846154
0 0.6694711538461539 0.09375 0.07451923076923077 0.17548076923076922
0 0.7560096153846154 0.09134615384615384 0.06009615384615385 0.16346153846153846
0 0.41225961538461536 0.078125 0.06971153846153846 0.15625
0 0.25 0.06610576923076923 0.07211538461538461 0.13221153846153846
0 0.1622596153846154 0.06129807692307692 0.06490384615384616 0.12259615384615384
0 0.3293269230769231 0.06490384615384616 0.0673076923076923 0.12980769230769232