0 0.8701923076923077 0.28725961538461536 0.07451923076923077 0.24519230769230768
0 0.09735576923076923 0.2764423076923077 0.0625 0.21153846153846154
0 0.6177884615384616 0.28846153846153844 0.055288461538461536 0.22115384615384615
0 0.7824519230769231 0.2956730769230769 0.07692307692307693 0.23798076923076922
0 0.030048076923076924 0.2800480769230769 0.04807692307692308 0.21634615384615385
0 0.6983173076923077 0.2920673076923077 0.0625 0.22596153846153846
0 0.18870192307692307 0.2848557692307692 0.057692307692307696 0.23076923076923078
0 0.27283653846153844 0.28725961538461536 0.057692307692307696 0.22115384615384615
0 0.9651442307692307 0.31009615384615385 0.057692307692307696 0.23798076923076922
0 0.5252403846153846 0.3016826923076923 0.06971153846153846 0.23798076923076922
0 0.35697115384615385 0.2980769230769231 0.0625 0.25
0 0.4483173076923077 0.3016826923076923 0.0625 0.25
0 0.7752403846153846 0.5853365384615384 0.0673076923076923 0.27163461538461536
0 0.6045673076923077 0.5841346153846154 0.07211538461538461 0.2548076923076923
0 0.09254807692307693 0.5793269230769231 0.06490384615384616 0.22115384615384615
0 0.4375 0.5853365384615384 0.06009615384615385 0.2548076923076923
0 0.18629807692307693 0.5853365384615384 0.0625 0.23557692307692307
0 0.025240384615384616 0.5829326923076923 0.05048076923076923 0.27163461538461536
0 0.35096153846153844 0.5925480769230769 0.06009615384615385 0.23317307692307693
0 0.6887019230769231 0.6069711538461539 0.06009615384615385 0.22115384615384615
0 0.2668269230769231 0.6021634615384616 0.0625 0.22596153846153846
0 0.5865384615384616 0.9146634615384616 0.06971153846153846 0.16826923076923078
0 0.6754807692307693 0.9122596153846154 0.0673076923076923 0.17067307692307693
0 0.5036057692307693 0.9134615384615384 0.07211538461538461 0.16826923076923078
0 0.7608173076923077 0.9158653846153846 0.06971153846153846 0.16346153846153846
0 0.9302884615384616 0.9170673076923077 0.08653846153846154 0.16105769230769232
0 0.8449519230769231 0.9170673076923077 0.07932692307692307 0.16105769230769232
0 0.4206730769230769 0.9146634615384616 0.06490384615384616 0.16346153846153846
0 0.2548076923076923 0.9110576923076923 0.06971153846153846 0.15865384615384615
0 0.17067307692307693 0.9098557692307693 0.0673076923076923 0.16346153846153846
0 0.020432692307692308 0.9122596153846154 0.040865384615384616 0.15625
0 0.08774038461538461 0.9158653846153846 0.057692307692307696 0.14903846153846154