0 0.9375 0.78125 0.0625 0.14423076923076922
0 0.8473557692307693 0.7764423076923077 0.06009615384615385 0.15865384615384615
0 0.25721153846153844 0.7740384615384616 0.0625 0.14903846153846154
0 0.6754807692307693 0.7728365384615384 0.0673076923076923 0.1658653846153846
0 0.7620192307692307 0.7716346153846154 0.0673076923076923 0.16826923076923078
0 0.16947115384615385 0.7704326923076923 0.06490384615384616 0.15144230769230768
0 0.5901442307692307 0.7680288461538461 0.055288461538461536 0.16105769230769232
0 0.3389423076923077 0.7680288461538461 0.0673076923076923 0.15625
0 0.08413461538461539 0.7668269230769231 0.0625 0.17307692307692307
0 0.4266826923076923 0.765625 0.06971153846153846 0.1658653846153846
0 0.5108173076923077 0.7692307692307693 0.06971153846153846 0.16826923076923078
0 0.018028846153846152 0.7632211538461539 0.026442307692307692 0.16105769230769232
0 0.5889423076923077 0.4495192307692308 0.057692307692307696 0.19230769230769232
0 0.6658653846153846 0.4495192307692308 0.057692307692307696 0.20192307692307693
0 0.016826923076923076 0.44711538461538464 0.028846153846153848 0.20673076923076922
0 0.2548076923076923 0.44711538461538464 0.0625 0.20673076923076922
0 0.9206730769230769 0.44471153846153844 0.0625 0.25
0 0.7548076923076923 0.4423076923076923 0.0673076923076923 0.1971153846153846
0 0.5072115384615384 0.4387019230769231 0.0673076923076923 0.23317307692307693
0 0.1658653846153846 0.4375 0.0673076923076923 0.1971153846153846
0 0.33653846153846156 0.4362980769230769 0.057692307692307696 0.21875
0 0.4206730769230769 0.42788461538461536 0.0625 0.22596153846153846
0 0.84375 0.4230769230769231 0.0625 0.22596153846153846
0 0.08052884615384616 0.4230769230769231 0.055288461538461536 0.1971153846153846
0 0.9387019230769231 0.15384615384615385 0.055288461538461536 0.25961538461538464
0 0.16826923076923078 0.15384615384615385 0.052884615384615384 0.2692307692307692
0 0.5180288461538461 0.1466346153846154 0.055288461538461536 0.24519230769230768
0 0.35096153846153844 0.13701923076923078 0.0673076923076923 0.25
0 0.25841346153846156 0.13701923076923078 0.06490384615384616 0.23076923076923078
0 0.4254807692307692 0.13221153846153846 0.057692307692307696 0.21634615384615385
0 0.5997596153846154 0.13221153846153846 0.055288461538461536 0.20673076923076922
0 0.08774038461538461 0.12980769230769232 0.055288461538461536 0.18269230769230768
0 0.9435096153846154 0.12860576923076922 0.04567307692307692 0.16105769230769232
0 0.6814903846153846 0.12620192307692307 0.06009615384615385 0.21394230769230768
0 0.8557692307692307 0.11538461538461539 0.04807692307692308 0.16346153846153846
0 0.7620192307692307 0.11298076923076923 0.052884615384615384 0.19230769230769232