0 0.6177884615384616 0.5060096153846154 0.057692307692307696 0.21875
0 0.026442307692307692 0.49399038461538464 0.05048076923076923 0.20673076923076922
0 0.7067307692307693 0.5060096153846154 0.052884615384615384 0.23076923076923078
0 0.1045673076923077 0.49399038461538464 0.06971153846153846 0.22355769230769232
0 0.7872596153846154 0.5024038461538461 0.07451923076923077 0.24519230769230768
0 0.27524038461538464 0.49278846153846156 0.06009615384615385 0.23798076923076922
0 0.19110576923076922 0.49158653846153844 0.06009615384615385 0.23317307692307693
0 0.8701923076923077 0.4987980769230769 0.07692307692307693 0.25240384615384615
0 0.36177884615384615 0.4855769230769231 0.06490384615384616 0.25
0 0.44591346153846156 0.48677884615384615 0.06490384615384616 0.24519230769230768
0 0.5336538461538461 0.48677884615384615 0.0673076923076923 0.24278846153846154
0 0.9627403846153846 0.49158653846153844 0.06971153846153846 0.27163461538461536
0 0.53125 0.2091346153846154 0.0625 0.28365384615384615
0 0.8713942307692307 0.20793269230769232 0.06490384615384616 0.2403846153846154
0 0.9543269230769231 0.21033653846153846 0.0673076923076923 0.22115384615384615
0 0.7896634615384616 0.20552884615384615 0.06490384615384616 0.27163461538461536
0 0.6129807692307693 0.20192307692307693 0.0625 0.25
0 0.44711538461538464 0.19591346153846154 0.0625 0.2548076923076923
0 0.36177884615384615 0.19230769230769232 0.06971153846153846 0.23557692307692307
0 0.03245192307692308 0.18509615384615385 0.052884615384615384 0.2620192307692308
0 0.1045673076923077 0.18269230769230768 0.0625 0.24519230769230768
0 0.19110576923076922 0.18269230769230768 0.07211538461538461 0.25240384615384615
0 0.2800480769230769 0.1778846153846154 0.0625 0.22355769230769232
0 0.6971153846153846 0.1814903846153846 0.06490384615384616 0.21153846153846154
0 0.5997596153846154 0.8028846153846154 0.052884615384615384 0.10336538461538461
0 0.7752403846153846 0.8064903846153846 0.0625 0.10336538461538461
0 0.08533653846153846 0.7932692307692307 0.0625 0.11057692307692307
0 0.34134615384615385 0.796875 0.057692307692307696 0.10336538461538461
0 0.25961538461538464 0.7944711538461539 0.06009615384615385 0.11057692307692307
0 0.515625 0.796875 0.052884615384615384 0.11298076923076923
0 0.9459134615384616 0.8052884615384616 0.057692307692307696 0.0985576923076923
0 0.42788461538461536 0.7944711538461539 0.055288461538461536 0.11057692307692307
0 0.6862980769230769 0.7992788461538461 0.0625 0.11057692307692307
0 0.8581730769230769 0.7992788461538461 0.06490384615384616 0.11057692307692307
0 0.17668269230769232 0.7872596153846154 0.052884615384615384 0.1201923076923077
0 0.016826923076923076 0.78125 0.03365384615384615 0.11538461538461539