0 0.4831730769230769 0.10336538461538461 0.22115384615384615 0.07692307692307693
0 0.45913461538461536 0.6165865384615384 0.22596153846153846 0.0625
0 0.4543269230769231 0.7007211538461539 0.22596153846153846 0.0673076923076923
0 0.49278846153846156 0.028846153846153848 0.22596153846153846 0.057692307692307696
0 0.44711538461538464 0.8725961538461539 0.2283653846153846 0.07932692307692307
0 0.4807692307692308 0.27403846153846156 0.23798076923076922 0.0673076923076923
0 0.45552884615384615 0.7788461538461539 0.24278846153846154 0.0889423076923077
0 0.4855769230769231 0.19110576923076922 0.23557692307692307 0.06971153846153846
0 0.47475961538461536 0.5276442307692307 0.24278846153846154 0.07451923076923077
0 0.484375 0.3581730769230769 0.2548076923076923 0.07211538461538461
0 0.4795673076923077 0.44350961538461536 0.24519230769230768 0.07451923076923077
0 0.453125 0.9591346153846154 0.2644230769230769 0.07692307692307693
0 0.7487980769230769 0.5372596153846154 0.28125 0.07211538461538461
0 0.7307692307692307 0.9651442307692307 0.25 0.06490384615384616
0 0.7451923076923077 0.7980769230769231 0.2644230769230769 0.07451923076923077
0 0.7439903846153846 0.8834134615384616 0.25961538461538464 0.0673076923076923
0 0.7596153846153846 0.6213942307692307 0.25961538461538464 0.07211538461538461
0 0.7704326923076923 0.4579326923076923 0.2692307692307692 0.07451923076923077
0 0.7848557692307693 0.20072115384615385 0.24278846153846154 0.0673076923076923
0 0.7944711538461539 0.040865384615384616 0.27403846153846156 0.0625
0 0.7788461538461539 0.3701923076923077 0.24278846153846154 0.07451923076923077
0 0.8004807692307693 0.11778846153846154 0.25 0.07211538461538461
0 0.796875 0.28725961538461536 0.21634615384615385 0.06971153846153846
0 0.7740384615384616 0.7079326923076923 0.22115384615384615 0.07211538461538461
0 0.1778846153846154 0.5841346153846154 0.07451923076923077 0.0673076923076923
0 0.15985576923076922 0.921875 0.07692307692307693 0.07932692307692307
0 0.17427884615384615 0.6754807692307693 0.08173076923076923 0.0625
0 0.16947115384615385 0.7620192307692307 0.07692307692307693 0.0625
0 0.18509615384615385 0.5012019230769231 0.07932692307692307 0.06009615384615385
0 0.20793269230769232 0.07692307692307693 0.08173076923076923 0.07451923076923077
0 0.20072115384615385 0.25 0.08413461538461539 0.06971153846153846
0 0.19591346153846154 0.33533653846153844 0.08413461538461539 0.07211538461538461
0 0.20432692307692307 0.16466346153846154 0.08413461538461539 0.07211538461538461
0 0.17067307692307693 0.8389423076923077 0.0889423076923077 0.07692307692307693
0 0.21634615384615385 0.016826923076923076 0.08653846153846154 0.03365384615384615
0 0.1935096153846154 0.41586538461538464 0.0889423076923077 0.06490384615384616