0 0.4795673076923077 0.28725961538461536 0.0625 0.22355769230769232
0 0.6538461538461539 0.296875 0.06009615384615385 0.21875
0 0.9074519230769231 0.3016826923076923 0.07692307692307693 0.2403846153846154
0 0.9783653846153846 0.30528846153846156 0.038461538461538464 0.2548076923076923
0 0.8233173076923077 0.30408653846153844 0.0673076923076923 0.2403846153846154
0 0.3112980769230769 0.2980769230769231 0.057692307692307696 0.23798076923076922
0 0.5685096153846154 0.30649038461538464 0.0625 0.2548076923076923
0 0.140625 0.29927884615384615 0.07211538461538461 0.25
0 0.22235576923076922 0.30288461538461536 0.0625 0.24519230769230768
0 0.05048076923076923 0.3004807692307692 0.06971153846153846 0.25721153846153844
0 0.7367788461538461 0.3161057692307692 0.07211538461538461 0.2692307692307692
0 0.3942307692307692 0.3125 0.06490384615384616 0.27403846153846156
0 0.48197115384615385 0.5817307692307693 0.0625 0.2932692307692308
0 0.5661057692307693 0.5853365384615384 0.057692307692307696 0.27403846153846156
0 0.9747596153846154 0.6033653846153846 0.04807692307692308 0.2668269230769231
0 0.046875 0.5901442307692307 0.0625 0.24519230769230768
0 0.39302884615384615 0.5985576923076923 0.0625 0.24519230769230768
0 0.3088942307692308 0.5997596153846154 0.057692307692307696 0.24519230769230768
0 0.2247596153846154 0.5985576923076923 0.0673076923076923 0.27403846153846156
0 0.9110576923076923 0.6117788461538461 0.057692307692307696 0.25721153846153844
0 0.7295673076923077 0.609375 0.06490384615384616 0.2548076923076923
0 0.6466346153846154 0.6225961538461539 0.0625 0.21634615384615385
0 0.13221153846153846 0.6165865384615384 0.0625 0.22115384615384615
0 0.8209134615384616 0.6310096153846154 0.06971153846153846 0.23557692307692307
0 0.30288461538461536 0.9230769230769231 0.06971153846153846 0.14182692307692307
0 0.3918269230769231 0.9242788461538461 0.06971153846153846 0.14182692307692307
0 0.042067307692307696 0.921875 0.07211538461538461 0.1346153846153846
0 0.22115384615384615 0.9266826923076923 0.06971153846153846 0.13221153846153846
0 0.12980769230769232 0.9266826923076923 0.06490384615384616 0.12980769230769232