0 0.5769230769230769 0.2644230769230769 0.06490384615384616 0.2091346153846154
0 0.7451923076923077 0.27524038461538464 0.06490384615384616 0.21875
0 0.6610576923076923 0.2764423076923077 0.06490384615384616 0.23557692307692307
0 0.9819711538461539 0.2848557692307692 0.03125 0.25240384615384615
0 0.15625 0.27163461538461536 0.06971153846153846 0.23798076923076922
0 0.23677884615384615 0.27403846153846156 0.057692307692307696 0.23076923076923078
0 0.4951923076923077 0.28125 0.06490384615384616 0.2403846153846154
0 0.07211538461538461 0.27524038461538464 0.06490384615384616 0.2283653846153846
0 0.9170673076923077 0.28966346153846156 0.07211538461538461 0.24759615384615385
0 0.32572115384615385 0.2848557692307692 0.0625 0.24519230769230768
0 0.8329326923076923 0.29447115384615385 0.07211538461538461 0.25
0 0.40865384615384615 0.2932692307692308 0.06009615384615385 0.25721153846153844
0 0.921875 0.5600961538461539 0.07211538461538461 0.2644230769230769
0 0.49399038461538464 0.5552884615384616 0.0673076923076923 0.2692307692307692
0 0.4098557692307692 0.5588942307692307 0.0673076923076923 0.25961538461538464
0 0.9855769230769231 0.5709134615384616 0.026442307692307692 0.24519230769230768
0 0.15985576923076922 0.5576923076923077 0.0673076923076923 0.2860576923076923
0 0.33413461538461536 0.5745192307692307 0.06971153846153846 0.25
0 0.24639423076923078 0.5733173076923077 0.0625 0.25721153846153844
0 0.0733173076923077 0.578125 0.0625 0.25721153846153844
0 0.5853365384615384 0.5889423076923077 0.0625 0.23317307692307693
0 0.6670673076923077 0.5985576923076923 0.07692307692307693 0.2283653846153846
0 0.75 0.6009615384615384 0.0625 0.20673076923076922
0 0.8401442307692307 0.6033653846153846 0.0673076923076923 0.21394230769230768
0 0.49278846153846156 0.9086538461538461 0.06490384615384616 0.1778846153846154
0 0.9795673076923077 0.9110576923076923 0.026442307692307692 0.17307692307692307
0 0.40384615384615385 0.9098557692307693 0.06971153846153846 0.17307692307692307
0 0.9194711538461539 0.9146634615384616 0.07451923076923077 0.1658653846153846
0 0.31850961538461536 0.9098557692307693 0.0625 0.16826923076923078
0 0.6658653846153846 0.9122596153846154 0.07692307692307693 0.17067307692307693
0 0.8341346153846154 0.9158653846153846 0.07692307692307693 0.16346153846153846
0 0.22956730769230768 0.9098557692307693 0.07211538461538461 0.1658653846153846
0 0.7512019230769231 0.9170673076923077 0.08413461538461539 0.16105769230769232
0 0.14903846153846154 0.9086538461538461 0.07451923076923077 0.16826923076923078
0 0.0625 0.9086538461538461 0.06971153846153846 0.16346153846153846
0 0.578125 0.9278846153846154 0.0625 0.14182692307692307