0 0.23798076923076922 0.4375 0.18028846153846154 0.07451923076923077
0 0.23317307692307693 0.2704326923076923 0.1875 0.07211538461538461
0 0.2548076923076923 0.7716346153846154 0.19230769230769232 0.0625
0 0.24759615384615385 0.35216346153846156 0.2091346153846154 0.06490384615384616
0 0.2692307692307692 0.9447115384615384 0.20192307692307693 0.0673076923076923
0 0.265625 0.859375 0.21153846153846154 0.06971153846153846
0 0.2548076923076923 0.5192307692307693 0.21875 0.07211538461538461
0 0.2403846153846154 0.09375 0.2091346153846154 0.08653846153846154
0 0.26322115384615385 0.6887019230769231 0.22355769230769232 0.06971153846153846
0 0.24879807692307693 0.18629807692307693 0.2283653846153846 0.07932692307692307
0 0.2644230769230769 0.6045673076923077 0.23076923076923078 0.06490384615384616
0 0.24759615384615385 0.030048076923076924 0.2283653846153846 0.04567307692307692
0 0.5120192307692307 0.5048076923076923 0.2860576923076923 0.07211538461538461
0 0.5288461538461539 0.8401442307692307 0.2860576923076923 0.0673076923076923
0 0.5408653846153846 0.7548076923076923 0.25 0.07451923076923077
0 0.5408653846153846 0.6670673076923077 0.23557692307692307 0.07451923076923077
0 0.5492788461538461 0.9254807692307693 0.21634615384615385 0.0625
0 0.5204326923076923 0.06971153846153846 0.20673076923076922 0.0625
0 0.5396634615384616 0.5877403846153846 0.23317307692307693 0.06490384615384616
0 0.5408653846153846 0.4170673076923077 0.23798076923076922 0.06490384615384616
0 0.5420673076923077 0.3329326923076923 0.2283653846153846 0.07451923076923077
0 0.5673076923076923 0.9831730769230769 0.20673076923076922 0.03125
0 0.5396634615384616 0.15865384615384615 0.20673076923076922 0.0625
0 0.5444711538461539 0.2512019230769231 0.22355769230769232 0.07451923076923077
0 0.890625 0.5769230769230769 0.1971153846153846 0.07211538461538461
0 0.8846153846153846 0.31850961538461536 0.20673076923076922 0.055288461538461536
0 0.8954326923076923 0.9158653846153846 0.20432692307692307 0.08173076923076923
0 0.8954326923076923 0.8329326923076923 0.20432692307692307 0.06971153846153846
0 0.8942307692307693 0.6610576923076923 0.20673076923076922 0.07692307692307693
0 0.8966346153846154 0.7463942307692307 0.20192307692307693 0.06971153846153846
0 0.8882211538461539 0.23076923076923078 0.20192307692307693 0.07211538461538461
0 0.8870192307692307 0.14302884615384615 0.19951923076923078 0.06971153846153846
0 0.8834134615384616 0.05889423076923077 0.19951923076923078 0.06490384615384616
0 0.9014423076923077 0.48677884615384615 0.18990384615384615 0.0625
0 0.9014423076923077 0.4026442307692308 0.1875 0.07211538461538461