0 0.7127403846153846 0.5408653846153846 0.3004807692307692 0.08173076923076923
0 0.7367788461538461 0.953125 0.2548076923076923 0.07211538461538461
0 0.6911057692307693 0.46033653846153844 0.2644230769230769 0.07211538461538461
0 0.7259615384615384 0.8786057692307693 0.25961538461538464 0.08413461538461539
0 0.6502403846153846 0.03485576923076923 0.25721153846153844 0.06971153846153846
0 0.6778846153846154 0.3737980769230769 0.24759615384615385 0.08413461538461539
0 0.6634615384615384 0.20432692307692307 0.27163461538461536 0.08413461538461539
0 0.7043269230769231 0.7103365384615384 0.2548076923076923 0.07692307692307693
0 0.6622596153846154 0.28846153846153844 0.25 0.07932692307692307
0 0.6346153846153846 0.1141826923076923 0.23076923076923078 0.07692307692307693
0 0.6935096153846154 0.7980769230769231 0.2283653846153846 0.07451923076923077
0 0.6778846153846154 0.625 0.22115384615384615 0.07692307692307693
0 0.29447115384615385 0.2283653846153846 0.21875 0.07211538461538461
0 0.27283653846153844 0.13942307692307693 0.24519230769230768 0.08653846153846154
0 0.2644230769230769 0.06129807692307692 0.23798076923076922 0.07932692307692307
0 0.2704326923076923 0.32091346153846156 0.2860576923076923 0.08413461538461539
0 0.2764423076923077 0.41346153846153844 0.2956730769230769 0.08173076923076923