0 0.1141826923076923 0.6225961538461539 0.0673076923076923 0.21634615384615385
0 0.036057692307692304 0.6177884615384616 0.07211538461538461 0.22596153846153846
0 0.20673076923076922 0.6225961538461539 0.07451923076923077 0.23557692307692307
0 0.7151442307692307 0.6478365384615384 0.0673076923076923 0.22596153846153846
0 0.796875 0.6490384615384616 0.0673076923076923 0.21634615384615385
0 0.37259615384615385 0.6237980769230769 0.06971153846153846 0.23317307692307693
0 0.5456730769230769 0.625 0.07692307692307693 0.25240384615384615
0 0.46274038461538464 0.6201923076923077 0.07932692307692307 0.24278846153846154
0 0.29086538461538464 0.6081730769230769 0.07932692307692307 0.2692307692307692
0 0.8846153846153846 0.6358173076923077 0.07211538461538461 0.23798076923076922
0 0.9639423076923077 0.6394230769230769 0.06490384615384616 0.2283653846153846
0 0.6346153846153846 0.6189903846153846 0.07451923076923077 0.27403846153846156
0 0.8161057692307693 0.36778846153846156 0.07451923076923077 0.29086538461538464
0 0.90625 0.359375 0.07932692307692307 0.2644230769230769
0 0.3076923076923077 0.32211538461538464 0.06971153846153846 0.25
0 0.9723557692307693 0.359375 0.05048076923076923 0.2860576923076923
0 0.04567307692307692 0.30528846153846156 0.06490384615384616 0.24759615384615385
0 0.7295673076923077 0.3389423076923077 0.06490384615384616 0.24759615384615385
0 0.13701923076923078 0.3076923076923077 0.08173076923076923 0.25721153846153844
0 0.21875 0.31009615384615385 0.06971153846153846 0.24278846153846154
0 0.39783653846153844 0.3173076923076923 0.07211538461538461 0.23076923076923078
0 0.6502403846153846 0.328125 0.0625 0.23557692307692307
0 0.47596153846153844 0.3125 0.06490384615384616 0.22596153846153846
0 0.5649038461538461 0.31490384615384615 0.06971153846153846 0.22115384615384615
0 0.6550480769230769 0.04927884615384615 0.06490384615384616 0.08173076923076923
0 0.5685096153846154 0.04447115384615385 0.06971153846153846 0.08173076923076923
0 0.4807692307692308 0.040865384615384616 0.07211538461538461 0.08173076923076923
0 0.3942307692307692 0.038461538461538464 0.0625 0.07692307692307693
0 0.13341346153846154 0.03125 0.06971153846153846 0.0625
0 0.30528846153846156 0.03485576923076923 0.0625 0.06971153846153846
0 0.7391826923076923 0.05048076923076923 0.06009615384615385 0.07451923076923077
0 0.8197115384615384 0.054086538461538464 0.0673076923076923 0.07451923076923077
0 0.21754807692307693 0.030048076923076924 0.06971153846153846 0.06009615384615385
0 0.9110576923076923 0.056490384615384616 0.06490384615384616 0.06971153846153846