0 0.7079326923076923 0.04326923076923077 0.2403846153846154 0.06490384615384616
0 0.7235576923076923 0.9723557692307693 0.27163461538461536 0.04807692307692308
0 0.7079326923076923 0.38822115384615385 0.22355769230769232 0.052884615384615384
0 0.7043269230769231 0.13341346153846154 0.25240384615384615 0.07211538461538461
0 0.7175480769230769 0.9050480769230769 0.25721153846153844 0.0673076923076923
0 0.7043269230769231 0.21394230769230768 0.23076923076923078 0.055288461538461536
0 0.7091346153846154 0.7283653846153846 0.25240384615384615 0.06009615384615385
0 0.7115384615384616 0.8112980769230769 0.2620192307692308 0.0625
0 0.6983173076923077 0.30408653846153844 0.2403846153846154 0.057692307692307696
0 0.7007211538461539 0.6442307692307693 0.2283653846153846 0.06009615384615385
0 0.6935096153846154 0.47596153846153844 0.22355769230769232 0.06009615384615385
0 0.6875 0.5588942307692307 0.21875 0.0625
0 0.3557692307692308 0.8978365384615384 0.22115384615384615 0.06971153846153846
0 0.35096153846153844 0.7283653846153846 0.22355769230769232 0.057692307692307696
0 0.34975961538461536 0.9711538461538461 0.22355769230769232 0.052884615384615384
0 0.3401442307692308 0.38221153846153844 0.2283653846153846 0.052884615384615384
0 0.3389423076923077 0.296875 0.22355769230769232 0.055288461538461536
0 0.33533653846153844 0.21514423076923078 0.23798076923076922 0.06971153846153846
0 0.34375 0.8100961538461539 0.23076923076923078 0.0625
0 0.3317307692307692 0.12620192307692307 0.23798076923076922 0.07451923076923077
0 0.3269230769230769 0.037259615384615384 0.25240384615384615 0.06971153846153846
0 0.33413461538461536 0.6418269230769231 0.2548076923076923 0.0673076923076923
0 0.3329326923076923 0.5528846153846154 0.24519230769230768 0.0625
0 0.33052884615384615 0.4699519230769231 0.24278846153846154 0.06971153846153846
0 0.09615384615384616 0.47596153846153844 0.1875 0.06009615384615385
0 0.09014423076923077 0.056490384615384616 0.18028846153846154 0.06971153846153846
0 0.0985576923076923 0.9723557692307693 0.1778846153846154 0.05048076923076923
0 0.09014423076923077 0.5625 0.17307692307692307 0.06009615384615385
0 0.08413461538461539 0.390625 0.16826923076923078 0.057692307692307696
0 0.08413461538461539 0.21875 0.16826923076923078 0.0625
0 0.0829326923076923 0.1346153846153846 0.1658653846153846 0.0673076923076923
0 0.0829326923076923 0.6466346153846154 0.15625 0.06490384615384616
0 0.08653846153846154 0.8137019230769231 0.15625 0.057692307692307696
0 0.08653846153846154 0.9002403846153846 0.15384615384615385 0.0625
0 0.07211538461538461 0.7307692307692307 0.13221153846153846 0.06490384615384616
0 0.06490384615384616 0.3088942307692308 0.12980769230769232 0.06490384615384616