0 0.09615384615384616 0.5745192307692307 0.06490384615384616 0.27403846153846156
0 0.025240384615384616 0.5745192307692307 0.05048076923076923 0.2932692307692308
0 0.19110576923076922 0.5697115384615384 0.0625 0.2932692307692308
0 0.6971153846153846 0.5540865384615384 0.052884615384615384 0.20673076923076922
0 0.7860576923076923 0.5504807692307693 0.055288461538461536 0.23076923076923078
0 0.9555288461538461 0.546875 0.057692307692307696 0.25
0 0.6129807692307693 0.5516826923076923 0.06009615384615385 0.24759615384615385
0 0.8677884615384616 0.5444711538461539 0.06971153846153846 0.2548076923076923
0 0.27524038461538464 0.5516826923076923 0.0625 0.25
0 0.3557692307692308 0.5456730769230769 0.055288461538461536 0.22596153846153846
0 0.5276442307692307 0.5372596153846154 0.057692307692307696 0.21394230769230768
0 0.4423076923076923 0.5204326923076923 0.0673076923076923 0.2548076923076923
0 0.6201923076923077 0.18990384615384615 0.057692307692307696 0.23076923076923078
0 0.703125 0.1875 0.0625 0.2283653846153846
0 0.2764423076923077 0.19230769230769232 0.057692307692307696 0.24278846153846154
0 0.028846153846153848 0.1971153846153846 0.057692307692307696 0.22115384615384615
0 0.10216346153846154 0.1935096153846154 0.0673076923076923 0.21875
0 0.19230769230769232 0.18990384615384615 0.06490384615384616 0.2403846153846154
0 0.7884615384615384 0.17908653846153846 0.07451923076923077 0.24278846153846154
0 0.44471153846153844 0.18269230769230768 0.06971153846153846 0.24759615384615385
0 0.8762019230769231 0.17427884615384615 0.0673076923076923 0.24278846153846154
0 0.53125 0.17908653846153846 0.06971153846153846 0.2548076923076923
0 0.3605769230769231 0.1814903846153846 0.06490384615384616 0.2668269230769231
0 0.9639423076923077 0.16346153846153846 0.06009615384615385 0.25721153846153844
0 0.8725961538461539 0.8016826923076923 0.06009615384615385 0.09134615384615384
0 0.9567307692307693 0.7992788461538461 0.06009615384615385 0.09134615384615384
0 0.7896634615384616 0.7980769230769231 0.057692307692307696 0.09615384615384616
0 0.6225961538461539 0.7992788461538461 0.040865384615384616 0.10336538461538461
0 0.19230769230769232 0.8040865384615384 0.055288461538461536 0.10817307692307693
0 0.2776442307692308 0.8016826923076923 0.057692307692307696 0.11057692307692307
0 0.03125 0.7992788461538461 0.055288461538461536 0.125
0 0.10697115384615384 0.796875 0.057692307692307696 0.13221153846153846
0 0.45072115384615385 0.7884615384615384 0.04807692307692308 0.13221153846153846
0 0.5324519230769231 0.7860576923076923 0.057692307692307696 0.12980769230769232
0 0.6983173076923077 0.7764423076923077 0.0673076923076923 0.14182692307692307
0 0.3605769230769231 0.7740384615384616 0.055288461538461536 0.15865384615384615