0 0.7596153846153846 0.9759615384615384 0.22115384615384615 0.03365384615384615
0 0.75 0.9122596153846154 0.23798076923076922 0.06009615384615385
0 0.7295673076923077 0.39663461538461536 0.24759615384615385 0.06490384615384616
0 0.7211538461538461 0.3137019230769231 0.2403846153846154 0.06971153846153846
0 0.7259615384615384 0.484375 0.25240384615384615 0.0673076923076923
0 0.7115384615384616 0.14423076923076922 0.25721153846153844 0.0673076923076923
0 0.7127403846153846 0.23317307692307693 0.23076923076923078 0.06490384615384616
0 0.7319711538461539 0.8269230769230769 0.22596153846153846 0.0625
0 0.7199519230769231 0.5709134615384616 0.2403846153846154 0.0625
0 0.7259615384615384 0.7367788461538461 0.23076923076923078 0.0625
0 0.7223557692307693 0.6574519230769231 0.24278846153846154 0.07211538461538461
0 0.7007211538461539 0.06129807692307692 0.25240384615384615 0.06971153846153846
0 0.36778846153846156 0.4951923076923077 0.23798076923076922 0.06971153846153846
0 0.36778846153846156 0.6694711538461539 0.22596153846153846 0.0625
0 0.375 0.921875 0.24278846153846154 0.07211538461538461
0 0.3762019230769231 0.9831730769230769 0.25721153846153844 0.028846153846153848
0 0.35216346153846156 0.3245192307692308 0.25240384615384615 0.0625
0 0.36658653846153844 0.8401442307692307 0.2403846153846154 0.07211538461538461
0 0.3401442307692308 0.234375 0.24519230769230768 0.07451923076923077
0 0.3317307692307692 0.0673076923076923 0.25961538461538464 0.06971153846153846
0 0.3317307692307692 0.15504807692307693 0.25240384615384615 0.07692307692307693
0 0.34134615384615385 0.5829326923076923 0.23317307692307693 0.07451923076923077
0 0.33413461538461536 0.40865384615384615 0.27884615384615385 0.07451923076923077
0 0.34615384615384615 0.7536057692307693 0.2644230769230769 0.07211538461538461
0 0.11057692307692307 0.5084134615384616 0.21875 0.06009615384615385
0 0.10576923076923077 0.5949519230769231 0.20192307692307693 0.07692307692307693
0 0.09254807692307693 0.25 0.18509615384615385 0.0673076923076923
0 0.1141826923076923 0.9879807692307693 0.18990384615384615 0.019230769230769232
0 0.109375 0.9387019230769231 0.18509615384615385 0.0625
0 0.10096153846153846 0.7632211538461539 0.17307692307692307 0.06009615384615385
0 0.09014423076923077 0.421875 0.18028846153846154 0.07451923076923077
0 0.08653846153846154 0.33533653846153844 0.17307692307692307 0.07451923076923077
0 0.08173076923076923 0.07211538461538461 0.16346153846153846 0.0625
0 0.08052884615384616 0.6778846153846154 0.1466346153846154 0.0625
0 0.08413461538461539 0.8461538461538461 0.14182692307692307 0.07211538461538461
0 0.06490384615384616 0.16105769230769232 0.12980769230769232 0.0673076923076923