0 0.10697115384615384 0.3870192307692308 0.07211538461538461 0.22115384615384615
0 0.6201923076923077 0.41346153846153844 0.06009615384615385 0.22115384615384615
0 0.27403846153846156 0.39783653846153844 0.06490384615384616 0.23557692307692307
0 0.7067307692307693 0.4206730769230769 0.06490384615384616 0.22115384615384615
0 0.030048076923076924 0.3870192307692308 0.057692307692307696 0.22115384615384615
0 0.7896634615384616 0.42908653846153844 0.0889423076923077 0.2403846153846154
0 0.1935096153846154 0.39903846153846156 0.0673076923076923 0.23557692307692307
0 0.8713942307692307 0.4326923076923077 0.07451923076923077 0.24278846153846154
0 0.5324519230769231 0.421875 0.06971153846153846 0.24278846153846154
0 0.36177884615384615 0.41586538461538464 0.07211538461538461 0.25240384615384615
0 0.9627403846153846 0.4483173076923077 0.06971153846153846 0.2620192307692308
0 0.44591346153846156 0.4230769230769231 0.06971153846153846 0.23798076923076922
0 0.9411057692307693 0.7175480769230769 0.07451923076923077 0.25240384615384615
0 0.1814903846153846 0.6754807692307693 0.06490384615384616 0.19951923076923078
0 0.859375 0.7235576923076923 0.06971153846153846 0.25240384615384615
0 0.5132211538461539 0.7055288461538461 0.07692307692307693 0.3004807692307692
0 0.7680288461538461 0.7235576923076923 0.07211538461538461 0.27163461538461536
0 0.5949519230769231 0.71875 0.06971153846153846 0.24759615384615385
0 0.9362980769230769 0.734375 0.09134615384615384 0.25
0 0.43149038461538464 0.7091346153846154 0.07211538461538461 0.2644230769230769
0 0.08533653846153846 0.6935096153846154 0.06490384615384616 0.24519230769230768
0 0.02283653846153846 0.6911057692307693 0.04567307692307692 0.2860576923076923
0 0.3425480769230769 0.7103365384615384 0.06971153846153846 0.23798076923076922
0 0.6802884615384616 0.7355769230769231 0.06971153846153846 0.21875
0 0.2608173076923077 0.7175480769230769 0.0673076923076923 0.22115384615384615