0 0.6742788461538461 0.052884615384615384 0.06971153846153846 0.10576923076923077
0 0.5841346153846154 0.054086538461538464 0.07692307692307693 0.10817307692307693
0 0.10096153846153846 0.6850961538461539 0.07451923076923077 0.24759615384615385
0 0.35336538461538464 0.6754807692307693 0.0673076923076923 0.22355769230769232
0 0.025240384615384616 0.6826923076923077 0.04326923076923077 0.2548076923076923
0 0.17668269230769232 0.6766826923076923 0.06009615384615385 0.24278846153846154
0 0.7872596153846154 0.6514423076923077 0.06490384615384616 0.24278846153846154
0 0.9543269230769231 0.6430288461538461 0.07211538461538461 0.25240384615384615
0 0.8701923076923077 0.6442307692307693 0.07211538461538461 0.24519230769230768
0 0.8269230769230769 0.6454326923076923 0.15384615384615385 0.2548076923076923
0 0.4411057692307692 0.65625 0.0625 0.25721153846153844
0 0.2692307692307692 0.6598557692307693 0.07451923076923077 0.2620192307692308
0 0.4387019230769231 0.5336538461538461 0.07451923076923077 0.5072115384615384
0 0.6862980769230769 0.3786057692307692 0.06009615384615385 0.19471153846153846
0 0.5144230769230769 0.3870192307692308 0.06490384615384616 0.2956730769230769
0 0.7680288461538461 0.359375 0.07451923076923077 0.2692307692307692
0 0.25841346153846156 0.36658653846153844 0.06490384615384616 0.24759615384615385
0 0.8581730769230769 0.33413461538461536 0.0625 0.2283653846153846
0 0.34134615384615385 0.35216346153846156 0.06490384615384616 0.22355769230769232