0 0.3641826923076923 0.5228365384615384 0.29086538461538464 0.06490384615384616
0 0.36658653846153844 0.4375 0.27403846153846156 0.0625
0 0.390625 0.030048076923076924 0.2620192307692308 0.06009615384615385
0 0.375 0.9567307692307693 0.25721153846153844 0.07211538461538461
0 0.390625 0.09735576923076923 0.2620192307692308 0.06971153846153846
0 0.38221153846153844 0.6935096153846154 0.25240384615384615 0.06009615384615385
0 0.38461538461538464 0.6033653846153846 0.23557692307692307 0.0625
0 0.3942307692307692 0.2692307692307692 0.24278846153846154 0.0625
0 0.3858173076923077 0.7776442307692307 0.27163461538461536 0.06971153846153846
0 0.39663461538461536 0.8701923076923077 0.22355769230769232 0.06009615384615385
0 0.4074519230769231 0.3545673076923077 0.21875 0.0625
0 0.4110576923076923 0.18509615384615385 0.22355769230769232 0.06490384615384616
0 0.7536057692307693 0.7872596153846154 0.21394230769230768 0.06009615384615385
0 0.7620192307692307 0.9651442307692307 0.23317307692307693 0.06490384615384616
0 0.7644230769230769 0.8822115384615384 0.25 0.07211538461538461
0 0.7836538461538461 0.7019230769230769 0.28125 0.0673076923076923
0 0.7884615384615384 0.6105769230769231 0.2932692307692308 0.0625
0 0.1814903846153846 0.43990384615384615 0.07451923076923077 0.07211538461538461
0 0.17307692307692307 0.9483173076923077 0.07451923076923077 0.06009615384615385
0 0.1778846153846154 0.7776442307692307 0.0673076923076923 0.04807692307692308
0 0.1778846153846154 0.8653846153846154 0.06971153846153846 0.057692307692307696
0 0.19110576923076922 0.2620192307692308 0.08173076923076923 0.0673076923076923
0 0.19591346153846154 0.6117788461538461 0.0985576923076923 0.052884615384615384