0 0.5072115384615384 0.38221153846153844 0.22115384615384615 0.06009615384615385
0 0.4855769230769231 0.9711538461538461 0.21153846153846154 0.052884615384615384
0 0.5096153846153846 0.2932692307692308 0.23317307692307693 0.055288461538461536
0 0.4879807692307692 0.8954326923076923 0.22596153846153846 0.07211538461538461
0 0.5072115384615384 0.2127403846153846 0.24759615384615385 0.07932692307692307
0 0.4879807692307692 0.7247596153846154 0.2403846153846154 0.0625
0 0.4855769230769231 0.8088942307692307 0.23557692307692307 0.0625
0 0.5060096153846154 0.12980769230769232 0.25240384615384615 0.08173076923076923
0 0.4831730769230769 0.6382211538461539 0.25240384615384615 0.06971153846153846
0 0.4855769230769231 0.5540865384615384 0.24759615384615385 0.06971153846153846
0 0.4879807692307692 0.46634615384615385 0.24519230769230768 0.07211538461538461
0 0.5 0.038461538461538464 0.27403846153846156 0.07692307692307693
0 0.21033653846153846 0.4639423076923077 0.2860576923076923 0.0673076923076923
0 0.21514423076923078 0.12379807692307693 0.24278846153846154 0.0673076923076923
0 0.21754807692307693 0.040865384615384616 0.22355769230769232 0.06971153846153846
0 0.21033653846153846 0.20432692307692307 0.27403846153846156 0.06971153846153846
0 0.203125 0.38100961538461536 0.25240384615384615 0.0673076923076923
0 0.19471153846153846 0.546875 0.25721153846153844 0.0673076923076923
0 0.18990384615384615 0.6322115384615384 0.23798076923076922 0.07211538461538461
0 0.17668269230769232 0.9627403846153846 0.2644230769230769 0.057692307692307696
0 0.17668269230769232 0.890625 0.24759615384615385 0.0673076923076923
0 0.1778846153846154 0.8040865384615384 0.2548076923076923 0.07692307692307693
0 0.17427884615384615 0.7151442307692307 0.22596153846153846 0.06490384615384616
0 0.18509615384615385 0.2980769230769231 0.21394230769230768 0.0673076923076923
0 0.8052884615384616 0.40625 0.10576923076923077 0.052884615384615384
0 0.8112980769230769 0.23076923076923078 0.10576923076923077 0.0625
0 0.7860576923076923 0.9206730769230769 0.11298076923076923 0.06490384615384616
0 0.7932692307692307 0.6646634615384616 0.10576923076923077 0.057692307692307696
0 0.7896634615384616 0.7463942307692307 0.11298076923076923 0.0625
0 0.796875 0.49038461538461536 0.11538461538461539 0.055288461538461536
0 0.8125 0.06009615384615385 0.10096153846153846 0.057692307692307696
0 0.7932692307692307 0.578125 0.11298076923076923 0.057692307692307696
0 0.8016826923076923 0.31971153846153844 0.11298076923076923 0.06490384615384616
0 0.8052884615384616 0.14783653846153846 0.11298076923076923 0.0673076923076923
0 0.7824519230769231 0.828125 0.12259615384615384 0.055288461538461536
0 0.7740384615384616 0.984375 0.11538461538461539 0.026442307692307692