0 0.20432692307692307 0.8269230769230769 0.07932692307692307 0.055288461538461536
0 0.22716346153846154 0.9807692307692307 0.10336538461538461 0.03365384615384615
0 0.203125 0.5709134615384616 0.10336538461538461 0.04807692307692308
0 0.20192307692307693 0.48677884615384615 0.10576923076923077 0.052884615384615384
0 0.22235576923076922 0.65625 0.13701923076923078 0.06009615384615385
0 0.4230769230769231 0.9038461538461539 0.2692307692307692 0.07692307692307693
0 0.42788461538461536 0.8173076923076923 0.29086538461538464 0.07211538461538461
0 0.3894230769230769 0.052884615384615384 0.25240384615384615 0.06490384615384616
0 0.40384615384615385 0.21875 0.23317307692307693 0.06009615384615385
0 0.40625 0.14182692307692307 0.25240384615384615 0.07451923076923077
0 0.4182692307692308 0.3076923076923077 0.23798076923076922 0.0625
0 0.4423076923076923 0.734375 0.24759615384615385 0.06971153846153846
0 0.4567307692307692 0.9735576923076923 0.2403846153846154 0.04807692307692308
0 0.4423076923076923 0.6490384615384616 0.2283653846153846 0.0673076923076923
0 0.43990384615384615 0.47716346153846156 0.21634615384615385 0.06490384615384616
0 0.4387019230769231 0.3954326923076923 0.2956730769230769 0.07692307692307693
0 0.46033653846153844 0.5600961538461539 0.24759615384615385 0.07451923076923077
0 0.7716346153846154 0.3605769230769231 0.21875 0.06490384615384616
0 0.7728365384615384 0.27524038461538464 0.2283653846153846 0.0673076923076923
0 0.8088942307692307 0.9555288461538461 0.22115384615384615 0.06490384615384616
0 0.8076923076923077 0.8762019230769231 0.22115384615384615 0.07451923076923077
0 0.7680288461538461 0.10336538461538461 0.23798076923076922 0.07451923076923077
0 0.8028846153846154 0.7055288461538461 0.2403846153846154 0.06490384615384616
0 0.8088942307692307 0.7872596153846154 0.23798076923076922 0.06971153846153846
0 0.7932692307692307 0.5348557692307693 0.24759615384615385 0.06971153846153846
0 0.7800480769230769 0.18629807692307693 0.23798076923076922 0.07451923076923077
0 0.8016826923076923 0.6189903846153846 0.25961538461538464 0.07211538461538461
0 0.7956730769230769 0.45072115384615385 0.24759615384615385 0.07451923076923077
0 0.7788461538461539 0.021634615384615384 0.25 0.04326923076923077