0 0.24879807692307693 0.025240384615384616 0.18509615384615385 0.05048076923076923
0 0.2512019230769231 0.09615384615384616 0.18028846153846154 0.05048076923076923
0 0.24639423076923078 0.44350961538461536 0.18269230769230768 0.04807692307692308
0 0.24759615384615385 0.5252403846153846 0.1875 0.0625
0 0.24519230769230768 0.6935096153846154 0.19951923076923078 0.0673076923076923
0 0.2548076923076923 0.35336538461538464 0.21153846153846154 0.057692307692307696
0 0.4963942307692308 0.10096153846153846 0.2860576923076923 0.0673076923076923
0 0.5 0.026442307692307692 0.2956730769230769 0.052884615384615384
0 0.4951923076923077 0.19110576923076922 0.2932692307692308 0.06490384615384616
0 0.49399038461538464 0.6153846153846154 0.23798076923076922 0.057692307692307696
0 0.49158653846153844 0.7884615384615384 0.21875 0.052884615384615384
0 0.49399038461538464 0.6983173076923077 0.20673076923076922 0.052884615384615384
0 0.49038461538461536 0.9555288461538461 0.24759615384615385 0.06490384615384616
0 0.5 0.8689903846153846 0.25721153846153844 0.06971153846153846
0 0.5120192307692307 0.27524038461538464 0.25240384615384615 0.06009615384615385
0 0.5120192307692307 0.35697115384615385 0.22596153846153846 0.055288461538461536
0 0.515625 0.5276442307692307 0.21875 0.055288461538461536
0 0.5252403846153846 0.44471153846153844 0.21634615384615385 0.0625
0 0.8701923076923077 0.28725961538461536 0.24278846153846154 0.0625
0 0.8641826923076923 0.6322115384615384 0.23317307692307693 0.06009615384615385
0 0.8774038461538461 0.036057692307692304 0.21875 0.06009615384615385
0 0.8641826923076923 0.7223557692307693 0.22596153846153846 0.057692307692307696
0 0.8701923076923077 0.37259615384615385 0.2548076923076923 0.0673076923076923
0 0.8762019230769231 0.11899038461538461 0.22355769230769232 0.0673076923076923
0 0.875 0.20432692307692307 0.23076923076923078 0.06009615384615385
0 0.8713942307692307 0.5444711538461539 0.25240384615384615 0.07692307692307693
0 0.8677884615384616 0.8016826923076923 0.25240384615384615 0.07692307692307693
0 0.8653846153846154 0.9651442307692307 0.2548076923076923 0.06490384615384616
0 0.875 0.4567307692307692 0.24759615384615385 0.07451923076923077
0 0.8701923076923077 0.8894230769230769 0.2403846153846154 0.06971153846153846
0 0.21634615384615385 0.875 0.1466346153846154 0.040865384615384616
0 0.21394230769230768 0.953125 0.1466346153846154 0.052884615384615384
0 0.22115384615384615 0.7788461538461539 0.16346153846153846 0.06971153846153846
0 0.2283653846153846 0.609375 0.15865384615384615 0.052884615384615384
0 0.23557692307692307 0.26802884615384615 0.1658653846153846 0.057692307692307696
0 0.23798076923076922 0.18509615384615385 0.16105769230769232 0.05048076923076923