0 0.9735576923076923 0.44591346153846156 0.04807692307692308 0.29086538461538464
0 0.9002403846153846 0.44711538461538464 0.06009615384615385 0.27884615384615385
0 0.8112980769230769 0.44711538461538464 0.06009615384615385 0.2932692307692308
0 0.04567307692307692 0.4519230769230769 0.052884615384615384 0.2403846153846154
0 0.3858173076923077 0.45552884615384615 0.05048076923076923 0.2283653846153846
0 0.21153846153846154 0.46153846153846156 0.04807692307692308 0.22596153846153846
0 0.13341346153846154 0.46274038461538464 0.06490384615384616 0.25240384615384615
0 0.7259615384615384 0.4639423076923077 0.052884615384615384 0.24519230769230768
0 0.6454326923076923 0.4675480769230769 0.05048076923076923 0.22355769230769232
0 0.30288461538461536 0.4675480769230769 0.04807692307692308 0.23317307692307693
0 0.4735576923076923 0.47716346153846156 0.04807692307692308 0.21394230769230768
0 0.5588942307692307 0.48197115384615385 0.055288461538461536 0.21394230769230768
0 0.71875 0.8161057692307693 0.052884615384615384 0.21875
0 0.37259615384615385 0.8197115384615384 0.052884615384615384 0.22596153846153846
0 0.2860576923076923 0.8233173076923077 0.052884615384615384 0.2283653846153846
0 0.8894230769230769 0.828125 0.0625 0.22355769230769232
0 0.9699519230769231 0.8329326923076923 0.055288461538461536 0.22355769230769232
0 0.8028846153846154 0.8317307692307693 0.057692307692307696 0.2403846153846154
0 0.20793269230769232 0.8353365384615384 0.06490384615384616 0.24278846153846154
0 0.46274038461538464 0.8365384615384616 0.06490384615384616 0.25961538461538464
0 0.5456730769230769 0.8377403846153846 0.0625 0.25721153846153844
0 0.03125 0.8377403846153846 0.057692307692307696 0.2620192307692308
0 0.6334134615384616 0.8389423076923077 0.06009615384615385 0.2644230769230769
0 0.1141826923076923 0.84375 0.06009615384615385 0.2548076923076923
0 0.1310096153846154 0.20072115384615385 0.055288461538461536 0.11298076923076923
0 0.04567307692307692 0.20072115384615385 0.052884615384615384 0.10817307692307693
0 0.21394230769230768 0.20552884615384615 0.052884615384615384 0.11778846153846154
0 0.38341346153846156 0.20673076923076922 0.036057692307692304 0.125
0 0.8137019230769231 0.20673076923076922 0.055288461538461536 0.1201923076923077
0 0.7271634615384616 0.21033653846153846 0.055288461538461536 0.12740384615384615
0 0.9735576923076923 0.21875 0.04807692307692308 0.14423076923076922
0 0.46634615384615385 0.21754807692307693 0.057692307692307696 0.14182692307692307
0 0.8978365384615384 0.21875 0.055288461538461536 0.14903846153846154
0 0.5528846153846154 0.21995192307692307 0.04326923076923077 0.14182692307692307
0 0.30528846153846156 0.22596153846153846 0.0673076923076923 0.15865384615384615
0 0.6454326923076923 0.23557692307692307 0.05048076923076923 0.1778846153846154