0 0.35096153846153844 0.8137019230769231 0.2283653846153846 0.07692307692307693
0 0.3701923076923077 0.47596153846153844 0.2548076923076923 0.06971153846153846
0 0.39302884615384615 0.04807692307692308 0.21634615384615385 0.07211538461538461
0 0.39302884615384615 0.140625 0.22596153846153846 0.07451923076923077
0 0.3713942307692308 0.5612980769230769 0.23798076923076922 0.07692307692307693
0 0.35096153846153844 0.96875 0.22115384615384615 0.05048076923076923
0 0.3918269230769231 0.22355769230769232 0.24278846153846154 0.07211538461538461
0 0.3581730769230769 0.8978365384615384 0.22596153846153846 0.07692307692307693
0 0.38461538461538464 0.3942307692307692 0.19951923076923078 0.06490384615384616
0 0.36899038461538464 0.7295673076923077 0.20192307692307693 0.0673076923076923
0 0.37740384615384615 0.6430288461538461 0.21394230769230768 0.06971153846153846
0 0.4026442307692308 0.31009615384615385 0.21153846153846154 0.06971153846153846
0 0.7271634615384616 0.421875 0.22115384615384615 0.0673076923076923
0 0.7319711538461539 0.33413461538461536 0.22355769230769232 0.07932692307692307
0 0.7163461538461539 0.75 0.21634615384615385 0.07451923076923077
0 0.7331730769230769 0.5048076923076923 0.24759615384615385 0.07451923076923077
0 0.7475961538461539 0.25240384615384615 0.20192307692307693 0.07451923076923077
0 0.7175480769230769 0.9831730769230769 0.23317307692307693 0.028846153846153848
0 0.7235576923076923 0.9290865384615384 0.21875 0.0625
0 0.7632211538461539 0.16706730769230768 0.24278846153846154 0.06490384615384616
0 0.7379807692307693 0.6766826923076923 0.24519230769230768 0.06971153846153846
0 0.7283653846153846 0.8413461538461539 0.25 0.07451923076923077
0 0.7692307692307693 0.0829326923076923 0.25721153846153844 0.08173076923076923
0 0.7475961538461539 0.5889423076923077 0.2668269230769231 0.06971153846153846
0 0.9411057692307693 0.5048076923076923 0.11538461538461539 0.06009615384615385
0 0.953125 0.08413461538461539 0.0889423076923077 0.07211538461538461
0 0.9338942307692307 0.7644230769230769 0.10336538461538461 0.06490384615384616
0 0.9290865384615384 0.8413461538461539 0.10576923076923077 0.06971153846153846
0 0.9435096153846154 0.5913461538461539 0.10336538461538461 0.06490384615384616
0 0.9290865384615384 0.9867788461538461 0.0985576923076923 0.021634615384615384
0 0.9471153846153846 0.671875 0.08653846153846154 0.07451923076923077
0 0.9338942307692307 0.9242788461538461 0.08653846153846154 0.0673076923076923