0 0.4735576923076923 0.08533653846153846 0.2403846153846154 0.07692307692307693
0 0.45552884615384615 0.3425480769230769 0.22355769230769232 0.0673076923076923
0 0.47475961538461536 0.17307692307692307 0.24519230769230768 0.07932692307692307
0 0.4387019230769231 0.6826923076923077 0.23798076923076922 0.0673076923076923
0 0.46153846153846156 0.43028846153846156 0.25721153846153844 0.07451923076923077
0 0.4362980769230769 0.7728365384615384 0.24759615384615385 0.07932692307692307
0 0.43149038461538464 0.8545673076923077 0.2548076923076923 0.08413461538461539
0 0.42908653846153844 0.9399038461538461 0.2668269230769231 0.0889423076923077
0 0.4807692307692308 0.25600961538461536 0.27163461538461536 0.07932692307692307
0 0.5877403846153846 0.6117788461538461 0.49038461538461536 0.10096153846153846
0 0.6466346153846154 0.43990384615384615 0.4543269230769231 0.09375
0 0.7199519230769231 0.5300480769230769 0.29086538461538464 0.07211538461538461
0 0.7151442307692307 0.703125 0.21394230769230768 0.07211538461538461
0 0.7740384615384616 0.039663461538461536 0.27403846153846156 0.057692307692307696
0 0.7716346153846154 0.10096153846153846 0.25721153846153844 0.0673076923076923
0 0.7295673076923077 0.7872596153846154 0.27163461538461536 0.08413461538461539
0 0.7704326923076923 0.2776442307692308 0.24759615384615385 0.07451923076923077
0 0.7764423076923077 0.3629807692307692 0.22115384615384615 0.0673076923076923
0 0.7415865384615384 0.8786057692307693 0.22355769230769232 0.07211538461538461