0 0.5 0.6923076923076923 0.0673076923076923 0.30528846153846156
0 0.9807692307692307 0.6742788461538461 0.03365384615384615 0.25240384615384615
0 0.4110576923076923 0.6911057692307693 0.06971153846153846 0.28125
0 0.15985576923076922 0.6971153846153846 0.06971153846153846 0.2860576923076923
0 0.9266826923076923 0.6658653846153846 0.0673076923076923 0.25240384615384615
0 0.33052884615384615 0.6754807692307693 0.07692307692307693 0.24519230769230768
0 0.24759615384615385 0.6754807692307693 0.06971153846153846 0.25
0 0.8425480769230769 0.6490384615384616 0.06009615384615385 0.2283653846153846
0 0.07572115384615384 0.6730769230769231 0.07211538461538461 0.25721153846153844
0 0.7512019230769231 0.6490384615384616 0.0625 0.23076923076923078
0 0.671875 0.6454326923076923 0.0673076923076923 0.23317307692307693
0 0.5841346153846154 0.6466346153846154 0.06490384615384616 0.23317307692307693
0 0.484375 0.3076923076923077 0.0673076923076923 0.23798076923076922
0 0.65625 0.3004807692307692 0.06971153846153846 0.22115384615384615
0 0.9771634615384616 0.2860576923076923 0.036057692307692304 0.2548076923076923
0 0.3125 0.30288461538461536 0.0673076923076923 0.2548076923076923
0 0.8293269230769231 0.28365384615384615 0.07692307692307693 0.24759615384615385
0 0.9158653846153846 0.2776442307692308 0.06971153846153846 0.2403846153846154
0 0.5685096153846154 0.28846153846153844 0.06971153846153846 0.2620192307692308
0 0.22355769230769232 0.2980769230769231 0.07211538461538461 0.25721153846153844
0 0.14182692307692307 0.2980769230769231 0.07692307692307693 0.25721153846153844
0 0.055288461538461536 0.3004807692307692 0.07211538461538461 0.25961538461538464
0 0.3942307692307692 0.28725961538461536 0.07692307692307693 0.2860576923076923
0 0.7403846153846154 0.265625 0.07451923076923077 0.2764423076923077
0 0.48197115384615385 0.08413461538461539 0.06009615384615385 0.16105769230769232
0 0.5709134615384616 0.07091346153846154 0.07451923076923077 0.14182692307692307
0 0.9675480769230769 0.06009615384615385 0.036057692307692304 0.1201923076923077
0 0.04927884615384615 0.08052884615384616 0.07451923076923077 0.12740384615384615
0 0.7391826923076923 0.05889423076923077 0.06490384615384616 0.11778846153846154
0 0.9050480769230769 0.056490384615384616 0.07932692307692307 0.11298076923076923
0 0.22235576923076922 0.0733173076923077 0.0673076923076923 0.125
0 0.30528846153846156 0.0673076923076923 0.06490384615384616 0.1201923076923077
0 0.3942307692307692 0.06370192307692307 0.07451923076923077 0.11778846153846154
0 0.6526442307692307 0.040865384615384616 0.06971153846153846 0.08173076923076923
0 0.1310096153846154 0.054086538461538464 0.06009615384615385 0.08173076923076923
0 0.8209134615384616 0.03365384615384615 0.06490384615384616 0.0673076923076923