0 0.3425480769230769 0.4831730769230769 0.29086538461538464 0.0673076923076923
0 0.359375 0.2283653846153846 0.2764423076923077 0.0673076923076923
0 0.36658653846153844 0.04807692307692308 0.22596153846153846 0.0673076923076923
0 0.3545673076923077 0.9723557692307693 0.22596153846153846 0.04567307692307692
0 0.36658653846153844 0.40024038461538464 0.23076923076923078 0.06009615384615385
0 0.3581730769230769 0.9038461538461539 0.23076923076923078 0.0673076923076923
0 0.3605769230769231 0.8173076923076923 0.22355769230769232 0.0673076923076923
0 0.3737980769230769 0.14543269230769232 0.21153846153846154 0.06490384615384616
0 0.36658653846153844 0.6454326923076923 0.2283653846153846 0.06490384615384616
0 0.36778846153846156 0.5685096153846154 0.23798076923076922 0.07451923076923077
0 0.37740384615384615 0.7355769230769231 0.2091346153846154 0.0625
0 0.3894230769230769 0.3161057692307692 0.2091346153846154 0.06971153846153846
0 0.7139423076923077 0.41466346153846156 0.21875 0.0673076923076923
0 0.7235576923076923 0.24759615384615385 0.23076923076923078 0.07451923076923077
0 0.7175480769230769 0.7475961538461539 0.21875 0.06971153846153846
0 0.7271634615384616 0.3329326923076923 0.24759615384615385 0.0673076923076923
0 0.7319711538461539 0.4879807692307692 0.21394230769230768 0.06490384615384616
0 0.7247596153846154 0.9819711538461539 0.21875 0.03125
0 0.7271634615384616 0.8341346153846154 0.24519230769230768 0.06490384615384616
0 0.7331730769230769 0.6634615384615384 0.25 0.06490384615384616
0 0.7307692307692307 0.9206730769230769 0.23557692307692307 0.06009615384615385
0 0.7379807692307693 0.5817307692307693 0.23798076923076922 0.06971153846153846
0 0.7548076923076923 0.07572115384615384 0.24519230769230768 0.06971153846153846
0 0.7644230769230769 0.15504807692307693 0.22355769230769232 0.06971153846153846
0 0.9362980769230769 0.4855769230769231 0.12259615384615384 0.06490384615384616
0 0.9399038461538461 0.5805288461538461 0.11298076923076923 0.0625
0 0.9350961538461539 0.8269230769230769 0.11298076923076923 0.06490384615384616
0 0.9447115384615384 0.06370192307692307 0.10576923076923077 0.06971153846153846
0 0.9399038461538461 0.9795673076923077 0.10576923076923077 0.036057692307692304
0 0.9483173076923077 0.65625 0.09375 0.0673076923076923
0 0.9567307692307693 0.40625 0.08413461538461539 0.0673076923076923
0 0.9483173076923077 0.9122596153846154 0.08413461538461539 0.06490384615384616
0 0.9543269230769231 0.7475961538461539 0.07692307692307693 0.052884615384615384
0 0.9675480769230769 0.15264423076923078 0.06009615384615385 0.06009615384615385
0 0.9723557692307693 0.23918269230769232 0.05048076923076923 0.06009615384615385
0 0.17307692307692307 0.5576923076923077 0.055288461538461536 0.05048076923076923
0 0.17307692307692307 0.6466346153846154 0.04807692307692308 0.04567307692307692