0 0.7283653846153846 0.24639423076923078 0.057692307692307696 0.22115384615384615
0 0.9038461538461539 0.24519230769230768 0.0625 0.21153846153846154
0 0.38822115384615385 0.25961538461538464 0.055288461538461536 0.22115384615384615
0 0.8100961538461539 0.2536057692307692 0.057692307692307696 0.23076923076923078
0 0.96875 0.24879807692307693 0.04807692307692308 0.21634615384615385
0 0.4723557692307692 0.26322115384615385 0.06971153846153846 0.23798076923076922
0 0.5516826923076923 0.26802884615384615 0.0625 0.25
0 0.12980769230769232 0.28725961538461536 0.07451923076923077 0.24519230769230768
0 0.6430288461538461 0.2860576923076923 0.0625 0.25
0 0.21754807692307693 0.2956730769230769 0.07692307692307693 0.23798076923076922
0 0.3016826923076923 0.2920673076923077 0.0625 0.22596153846153846
0 0.03485576923076923 0.31009615384615385 0.057692307692307696 0.23798076923076922
0 0.9074519230769231 0.53125 0.0625 0.22355769230769232
0 0.22956730769230768 0.5540865384615384 0.0673076923076923 0.27163461538461536
0 0.4026442307692308 0.5516826923076923 0.07211538461538461 0.2548076923076923
0 0.31490384615384615 0.5516826923076923 0.06009615384615385 0.22115384615384615
0 0.9747596153846154 0.5420673076923077 0.04567307692307692 0.27163461538461536
0 0.5625 0.5540865384615384 0.06009615384615385 0.2548076923076923
0 0.8209134615384616 0.5564903846153846 0.0625 0.23557692307692307
0 0.6490384615384616 0.5685096153846154 0.06009615384615385 0.23317307692307693
0 0.7319711538461539 0.5805288461538461 0.0625 0.22596153846153846
0 0.9795673076923077 0.8894230769230769 0.036057692307692304 0.20192307692307693
0 0.8317307692307693 0.8918269230769231 0.06009615384615385 0.19951923076923078
0 0.9158653846153846 0.8918269230769231 0.055288461538461536 0.19230769230769232
0 0.41346153846153844 0.9146634615384616 0.06971153846153846 0.16826923076923078
0 0.3245192307692308 0.9122596153846154 0.0673076923076923 0.17067307692307693
0 0.4963942307692308 0.9134615384615384 0.07211538461538461 0.16826923076923078
0 0.23918269230769232 0.9158653846153846 0.06971153846153846 0.16346153846153846
0 0.07211538461538461 0.9170673076923077 0.08653846153846154 0.16105769230769232
0 0.15745192307692307 0.9170673076923077 0.07932692307692307 0.16105769230769232
0 0.5793269230769231 0.9146634615384616 0.06490384615384616 0.16346153846153846
0 0.7451923076923077 0.9110576923076923 0.06971153846153846 0.15865384615384615