0 0.5120192307692307 0.7079326923076923 0.0625 0.2860576923076923
0 0.9326923076923077 0.7079326923076923 0.0673076923076923 0.24278846153846154
0 0.7644230769230769 0.703125 0.0673076923076923 0.2764423076923077
0 0.8497596153846154 0.703125 0.06490384615384616 0.24278846153846154
0 0.4230769230769231 0.6971153846153846 0.0625 0.2548076923076923
0 0.018028846153846152 0.6935096153846154 0.036057692307692304 0.2620192307692308
0 0.5973557692307693 0.6887019230769231 0.055288461538461536 0.24759615384615385
0 0.17307692307692307 0.6887019230769231 0.0673076923076923 0.24278846153846154
0 0.3449519230769231 0.6862980769230769 0.06009615384615385 0.23317307692307693
0 0.08653846153846154 0.6862980769230769 0.057692307692307696 0.24278846153846154
0 0.6766826923076923 0.6778846153846154 0.06009615384615385 0.22115384615384615
0 0.25841346153846156 0.6742788461538461 0.06009615384615385 0.21394230769230768
0 0.5865384615384616 0.3449519230769231 0.0625 0.21875
0 0.7548076923076923 0.33774038461538464 0.0673076923076923 0.23317307692307693
0 0.2536057692307692 0.33533653846153844 0.06009615384615385 0.21875
0 0.5096153846153846 0.33533653846153844 0.0673076923076923 0.24759615384615385
0 0.6682692307692307 0.33052884615384615 0.0673076923076923 0.24278846153846154
0 0.015625 0.32211538461538464 0.03125 0.22596153846153846
0 0.16947115384615385 0.32211538461538464 0.06490384615384616 0.2548076923076923
0 0.9290865384615384 0.32091346153846156 0.06490384615384616 0.23798076923076922
0 0.0829326923076923 0.3161057692307692 0.06009615384615385 0.24278846153846154
0 0.3389423076923077 0.31490384615384615 0.052884615384615384 0.25961538461538464
0 0.42427884615384615 0.3112980769230769 0.055288461538461536 0.24759615384615385
0 0.8389423076923077 0.3112980769230769 0.0625 0.24278846153846154
0 0.515625 0.09014423076923077 0.06490384615384616 0.17548076923076922
0 0.42788461538461536 0.08774038461538461 0.052884615384615384 0.17067307692307693
0 0.17548076923076922 0.08413461538461539 0.0625 0.16346153846153846
0 0.020432692307692308 0.08173076923076923 0.040865384615384616 0.15865384615384615
0 0.0889423076923077 0.078125 0.057692307692307696 0.15144230769230768
0 0.9399038461538461 0.07572115384615384 0.0673076923076923 0.1466346153846154
0 0.3449519230769231 0.0733173076923077 0.06009615384615385 0.14182692307692307
0 0.25961538461538464 0.06971153846153846 0.04807692307692308 0.1346153846153846
0 0.6021634615384616 0.06850961538461539 0.06009615384615385 0.13221153846153846
0 0.6850961538461539 0.05889423076923077 0.0673076923076923 0.11298076923076923
0 0.7644230769230769 0.057692307692307696 0.057692307692307696 0.11057692307692307
0 0.8545673076923077 0.057692307692307696 0.055288461538461536 0.11057692307692307