0 0.29447115384615385 0.49158653846153844 0.2956730769230769 0.07932692307692307
0 0.3125 0.5733173076923077 0.31009615384615385 0.07932692307692307
0 0.3557692307692308 0.9699519230769231 0.2548076923076923 0.055288461538461536
0 0.29086538461538464 0.051682692307692304 0.24278846153846154 0.07451923076923077
0 0.31490384615384615 0.4026442307692308 0.25 0.07932692307692307
0 0.3137019230769231 0.3173076923076923 0.25240384615384615 0.07451923076923077
0 0.3557692307692308 0.9122596153846154 0.25721153846153844 0.06971153846153846
0 0.31009615384615385 0.23076923076923078 0.2692307692307692 0.08173076923076923
0 0.3473557692307692 0.7367788461538461 0.25240384615384615 0.07451923076923077
0 0.3161057692307692 0.13942307692307693 0.2283653846153846 0.07211538461538461
0 0.36538461538461536 0.8221153846153846 0.2283653846153846 0.06971153846153846
0 0.3545673076923077 0.6502403846153846 0.21634615384615385 0.07211538461538461
0 0.5372596153846154 0.4987980769230769 0.9206730769230769 0.9975961538461539
0 0.6742788461538461 0.20192307692307693 0.22355769230769232 0.06971153846153846
0 0.6754807692307693 0.03365384615384615 0.24519230769230768 0.0673076923076923
0 0.6802884615384616 0.109375 0.25 0.08413461538461539
0 0.7091346153846154 0.2848557692307692 0.2860576923076923 0.07692307692307693
0 0.7199519230769231 0.3762019230769231 0.2956730769230769 0.07692307692307693