0 0.3473557692307692 0.2692307692307692 0.057692307692307696 0.22115384615384615
0 0.09134615384615384 0.2764423076923077 0.06971153846153846 0.2403846153846154
0 0.018028846153846152 0.2776442307692308 0.036057692307692304 0.24759615384615385
0 0.17668269230769232 0.2824519230769231 0.0673076923076923 0.23557692307692307
0 0.7788461538461539 0.27163461538461536 0.06490384615384616 0.2403846153846154
0 0.8641826923076923 0.27524038461538464 0.0673076923076923 0.25
0 0.9507211538461539 0.27283653846153844 0.0625 0.2548076923076923
0 0.43509615384615385 0.28725961538461536 0.06490384615384616 0.25
0 0.2608173076923077 0.2920673076923077 0.0673076923076923 0.2692307692307692
0 0.6057692307692307 0.2860576923076923 0.06490384615384616 0.2692307692307692
0 0.5192307692307693 0.5576923076923077 0.06009615384615385 0.28846153846153844
0 0.025240384615384616 0.5757211538461539 0.04807692307692308 0.25961538461538464
0 0.8665865384615384 0.5685096153846154 0.0625 0.2548076923076923
0 0.265625 0.5805288461538461 0.0625 0.2403846153846154
0 0.7788461538461539 0.5745192307692307 0.06490384615384616 0.2692307692307692
0 0.3545673076923077 0.5973557692307693 0.0625 0.21875
0 0.17908653846153846 0.6057692307692307 0.07211538461538461 0.23798076923076922
0 0.609375 0.9110576923076923 0.0673076923076923 0.16826923076923078
0 0.6947115384615384 0.9098557692307693 0.07451923076923077 0.17067307692307693
0 0.7788461538461539 0.9110576923076923 0.0889423076923077 0.1658653846153846