0 0.8942307692307693 0.5096153846153846 0.08173076923076923 0.2283653846153846
0 0.9699519230769231 0.5144230769230769 0.055288461538461536 0.22115384615384615
0 0.38461538461538464 0.46875 0.0673076923076923 0.22596153846153846
0 0.7271634615384616 0.49038461538461536 0.06971153846153846 0.23557692307692307
0 0.2956730769230769 0.46033653846153844 0.06490384615384616 0.23076923076923078
0 0.21634615384615385 0.453125 0.07932692307692307 0.24519230769230768
0 0.8076923076923077 0.49278846153846156 0.07211538461538461 0.24278846153846154
0 0.13221153846153846 0.44471153846153844 0.07932692307692307 0.24278846153846154
0 0.039663461538461536 0.4375 0.07932692307692307 0.25721153846153844
0 0.4723557692307692 0.4651442307692308 0.08173076923076923 0.25240384615384615
0 0.6430288461538461 0.47475961538461536 0.07692307692307693 0.25961538461538464
0 0.5564903846153846 0.46875 0.07692307692307693 0.24519230769230768
0 0.49158653846153844 0.1935096153846154 0.07211538461538461 0.3004807692307692
0 0.07091346153846154 0.15745192307692307 0.07932692307692307 0.24759615384615385
0 0.15264423076923078 0.15384615384615385 0.07932692307692307 0.25240384615384615
0 0.41466346153846156 0.16947115384615385 0.08173076923076923 0.2668269230769231
0 0.24278846153846154 0.15504807692307693 0.07451923076923077 0.2644230769230769
0 0.578125 0.1778846153846154 0.07451923076923077 0.25721153846153844
0 0.9795673076923077 0.20432692307692307 0.036057692307692304 0.2692307692307692
0 0.8401442307692307 0.18990384615384615 0.07451923076923077 0.2548076923076923
0 0.6658653846153846 0.17668269230769232 0.0673076923076923 0.23798076923076922
0 0.7487980769230769 0.17668269230769232 0.07451923076923077 0.23076923076923078
0 0.9158653846153846 0.1875 0.08173076923076923 0.2620192307692308
0 0.3293269230769231 0.14182692307692307 0.07211538461538461 0.22596153846153846
0 0.375 0.7824519230769231 0.06009615384615385 0.12740384615384615
0 0.19591346153846154 0.7704326923076923 0.0625 0.11778846153846154
0 0.8882211538461539 0.8161057692307693 0.0625 0.11778846153846154
0 0.03125 0.7572115384615384 0.0625 0.12980769230769232
0 0.46033653846153844 0.7824519230769231 0.06009615384615385 0.1346153846153846
0 0.6298076923076923 0.7932692307692307 0.06490384615384616 0.13221153846153846
0 0.7139423076923077 0.7980769230769231 0.06490384615384616 0.1346153846153846
0 0.5432692307692307 0.7860576923076923 0.06490384615384616 0.1346153846153846
0 0.9579326923076923 0.8149038461538461 0.04807692307692308 0.13942307692307693
0 0.28725961538461536 0.7668269230769231 0.06490384615384616 0.15144230769230768
0 0.796875 0.8028846153846154 0.0625 0.1466346153846154
0 0.11899038461538461 0.7536057692307693 0.07451923076923077 0.14182692307692307