0 0.9471153846153846 0.2776442307692308 0.06490384615384616 0.2091346153846154
0 0.1778846153846154 0.2644230769230769 0.06971153846153846 0.2091346153846154
0 0.8545673076923077 0.28365384615384615 0.0673076923076923 0.22355769230769232
0 0.5949519230769231 0.2800480769230769 0.0625 0.24519230769230768
0 0.7692307692307693 0.28365384615384615 0.06971153846153846 0.23557692307692307
0 0.09254807692307693 0.27163461538461536 0.0673076923076923 0.23557692307692307
0 0.026442307692307692 0.27163461538461536 0.040865384615384616 0.22355769230769232
0 0.35216346153846156 0.2800480769230769 0.0625 0.21394230769230768
0 0.43149038461538464 0.28125 0.07211538461538461 0.23798076923076922
0 0.5192307692307693 0.2860576923076923 0.06971153846153846 0.22596153846153846
0 0.26322115384615385 0.28846153846153844 0.06009615384615385 0.19471153846153846
0 0.6826923076923077 0.29927884615384615 0.0625 0.20192307692307693
0 0.5877403846153846 0.6237980769230769 0.057692307692307696 0.19230769230769232
0 0.25841346153846156 0.625 0.06490384615384616 0.21394230769230768
0 0.6682692307692307 0.640625 0.0625 0.22355769230769232
0 0.7524038461538461 0.6430288461538461 0.06971153846153846 0.19471153846153846
0 0.16706730769230768 0.6322115384615384 0.05048076923076923 0.24278846153846154
0 0.33774038461538464 0.6370192307692307 0.055288461538461536 0.27884615384615385
0 0.5084134615384616 0.6442307692307693 0.0625 0.20673076923076922
0 0.08052884615384616 0.6370192307692307 0.055288461538461536 0.23076923076923078
0 0.016826923076923076 0.6370192307692307 0.03365384615384615 0.21153846153846154
0 0.8425480769230769 0.65625 0.06490384615384616 0.23798076923076922
0 0.921875 0.6586538461538461 0.06971153846153846 0.23557692307692307
0 0.41947115384615385 0.6694711538461539 0.057692307692307696 0.1971153846153846
0 0.5060096153846154 0.8882211538461539 0.055288461538461536 0.21875
0 0.17067307692307693 0.8870192307692307 0.0625 0.2091346153846154
0 0.016826923076923076 0.8858173076923077 0.03365384615384615 0.2091346153846154
0 0.9375 0.9026442307692307 0.0673076923076923 0.18990384615384615
0 0.2512019230769231 0.8990384615384616 0.0625 0.1778846153846154
0 0.4230769230769231 0.9014423076923077 0.055288461538461536 0.18990384615384615
0 0.34375 0.9050480769230769 0.06971153846153846 0.18028846153846154
0 0.08413461538461539 0.9026442307692307 0.06490384615384616 0.17548076923076922
0 0.5961538461538461 0.9170673076923077 0.06009615384615385 0.16346153846153846
0 0.7608173076923077 0.9194711538461539 0.055288461538461536 0.15625
0 0.8449519230769231 0.9242788461538461 0.06490384615384616 0.1466346153846154
0 0.6778846153846154 0.9326923076923077 0.052884615384615384 0.12980769230769232