0 0.39783653846153844 0.038461538461538464 0.06971153846153846 0.0673076923076923
0 0.14543269230769232 0.04567307692307692 0.06490384615384616 0.06009615384615385
0 0.7487980769230769 0.6141826923076923 0.07451923076923077 0.2283653846153846
0 0.2512019230769231 0.6262019230769231 0.0625 0.22355769230769232
0 0.6658653846153846 0.609375 0.06490384615384616 0.25240384615384615
0 0.1622596153846154 0.6262019230769231 0.06490384615384616 0.23557692307692307
0 0.078125 0.6225961538461539 0.06490384615384616 0.2283653846153846
0 0.5012019230769231 0.6081730769230769 0.07211538461538461 0.24759615384615385
0 0.8377403846153846 0.5925480769230769 0.0673076923076923 0.25961538461538464
0 0.3329326923076923 0.609375 0.07211538461538461 0.24759615384615385
0 0.4170673076923077 0.5985576923076923 0.0625 0.2620192307692308
0 0.41346153846153844 0.47836538461538464 0.08173076923076923 0.5072115384615384
0 0.4951923076923077 0.43509615384615385 0.07932692307692307 0.46875
0 0.3317307692307692 0.3233173076923077 0.07451923076923077 0.24759615384615385
0 0.6694711538461539 0.3112980769230769 0.07692307692307693 0.2668269230769231
0 0.8389423076923077 0.2932692307692308 0.06009615384615385 0.24278846153846154
0 0.5865384615384616 0.3004807692307692 0.06009615384615385 0.23076923076923078