0 0.6826923076923077 0.036057692307692304 0.0673076923076923 0.07211538461538461
0 0.02283653846153846 0.6418269230769231 0.040865384615384616 0.25721153846153844
0 0.34615384615384615 0.6334134615384616 0.057692307692307696 0.22355769230769232
0 0.09375 0.6382211538461539 0.07211538461538461 0.24278846153846154
0 0.18269230769230768 0.6346153846153846 0.0673076923076923 0.23798076923076922
0 0.6911057692307693 0.6225961538461539 0.055288461538461536 0.23317307692307693
0 0.9471153846153846 0.6153846153846154 0.07211538461538461 0.25961538461538464
0 0.8641826923076923 0.6189903846153846 0.06971153846153846 0.25
0 0.7836538461538461 0.6153846153846154 0.0625 0.2403846153846154
0 0.4375 0.6237980769230769 0.057692307692307696 0.25
0 0.2644230769230769 0.6165865384615384 0.0673076923076923 0.2692307692307692
0 0.43149038461538464 0.453125 0.06971153846153846 0.47115384615384615
0 0.5132211538461539 0.34615384615384615 0.06009615384615385 0.28846153846153844
0 0.6875 0.3329326923076923 0.057692307692307696 0.23557692307692307
0 0.02403846153846154 0.33774038461538464 0.04807692307692308 0.2668269230769231
0 0.25961538461538464 0.33052884615384615 0.057692307692307696 0.24519230769230768
0 0.8569711538461539 0.32091346153846156 0.0625 0.25961538461538464
0 0.7680288461538461 0.3161057692307692 0.0673076923076923 0.2668269230769231
0 0.3473557692307692 0.31009615384615385 0.0625 0.22115384615384615