0 0.9567307692307693 0.71875 0.08173076923076923 0.22596153846153846
0 0.037259615384615384 0.7716346153846154 0.04807692307692308 0.21634615384615385
0 0.8641826923076923 0.7103365384615384 0.07692307692307693 0.21634615384615385
0 0.4423076923076923 0.7367788461538461 0.08413461538461539 0.23798076923076922
0 0.7728365384615384 0.7091346153846154 0.07932692307692307 0.24759615384615385
0 0.19230769230769232 0.7524038461538461 0.07211538461538461 0.20432692307692307
0 0.36177884615384615 0.7391826923076923 0.06971153846153846 0.21875
0 0.5300480769230769 0.7235576923076923 0.07932692307692307 0.23317307692307693
0 0.2764423076923077 0.7415865384615384 0.07211538461538461 0.19471153846153846
0 0.6947115384615384 0.7055288461538461 0.07692307692307693 0.21634615384615385
0 0.6670673076923077 0.37259615384615385 0.07211538461538461 0.21394230769230768
0 0.5805288461538461 0.3762019230769231 0.07692307692307693 0.1971153846153846
0 0.016826923076923076 0.4110576923076923 0.03365384615384615 0.21153846153846154
0 0.2512019230769231 0.3954326923076923 0.07692307692307693 0.2091346153846154
0 0.7475961538461539 0.35697115384615385 0.07692307692307693 0.21634615384615385
0 0.49759615384615385 0.3737980769230769 0.08173076923076923 0.23317307692307693
0 0.15985576923076922 0.3942307692307692 0.08173076923076923 0.20192307692307693
0 0.8353365384615384 0.3329326923076923 0.07932692307692307 0.23317307692307693
0 0.41346153846153844 0.359375 0.07211538461538461 0.21875
0 0.23317307692307693 0.1310096153846154 0.07211538461538461 0.19471153846153846
0 0.3245192307692308 0.11177884615384616 0.08413461538461539 0.1971153846153846
0 0.48677884615384615 0.0985576923076923 0.057692307692307696 0.19471153846153846
0 0.0625 0.12139423076923077 0.0673076923076923 0.18028846153846154
0 0.39903846153846156 0.09735576923076923 0.06490384615384616 0.18028846153846154
0 0.5733173076923077 0.08533653846153846 0.07451923076923077 0.17067307692307693