0 0.41586538461538464 0.4963942307692308 0.06971153846153846 0.21153846153846154
0 0.25 0.5036057692307693 0.07451923076923077 0.2283653846153846
0 0.33413461538461536 0.5132211538461539 0.06490384615384616 0.24278846153846154
0 0.015625 0.5300480769230769 0.03125 0.2668269230769231
0 0.9831730769230769 0.4963942307692308 0.028846153846153848 0.22355769230769232
0 0.7463942307692307 0.5048076923076923 0.0673076923076923 0.22115384615384615
0 0.9242788461538461 0.5048076923076923 0.07211538461538461 0.2091346153846154
0 0.4951923076923077 0.5204326923076923 0.07211538461538461 0.22115384615384615
0 0.1658653846153846 0.5324519230769231 0.07451923076923077 0.25
0 0.5841346153846154 0.5216346153846154 0.06490384615384616 0.2620192307692308
0 0.8365384615384616 0.5132211538461539 0.07211538461538461 0.20673076923076922
0 0.6682692307692307 0.5228365384615384 0.06971153846153846 0.24759615384615385
0 0.08052884615384616 0.5432692307692307 0.08173076923076923 0.25240384615384615
0 0.8413461538461539 0.7920673076923077 0.06009615384615385 0.27884615384615385
0 0.9242788461538461 0.7920673076923077 0.0625 0.24519230769230768
0 0.984375 0.7932692307692307 0.026442307692307692 0.27884615384615385
0 0.6694711538461539 0.8040865384615384 0.07451923076923077 0.24759615384615385
0 0.07451923076923077 0.8257211538461539 0.07932692307692307 0.24759615384615385
0 0.5865384615384616 0.8112980769230769 0.0673076923076923 0.22596153846153846
0 0.49759615384615385 0.8149038461538461 0.0625 0.2283653846153846
0 0.7572115384615384 0.8076923076923077 0.06971153846153846 0.24278846153846154
0 0.41586538461538464 0.8233173076923077 0.07211538461538461 0.23798076923076922
0 0.33052884615384615 0.8293269230769231 0.0625 0.25
0 0.2512019230769231 0.8353365384615384 0.0673076923076923 0.24278846153846154
0 0.1622596153846154 0.8413461538461539 0.0673076923076923 0.21394230769230768
0 0.052884615384615384 0.21033653846153846 0.0625 0.10336538461538461
0 0.14182692307692307 0.21394230769230768 0.07211538461538461 0.11298076923076923
0 0.734375 0.19591346153846154 0.0625 0.11778846153846154
0 0.8185096153846154 0.1935096153846154 0.0625 0.12259615384615384
0 0.6502403846153846 0.19951923076923078 0.0625 0.1201923076923077
0 0.5649038461538461 0.203125 0.06490384615384616 0.1201923076923077
0 0.4807692307692308 0.20673076923076922 0.06490384615384616 0.12740384615384615
0 0.3161057692307692 0.2127403846153846 0.06490384615384616 0.12259615384615384
0 0.22956730769230768 0.21634615384615385 0.07451923076923077 0.12259615384615384
0 0.9098557692307693 0.19230769230769232 0.07211538461538461 0.11298076923076923
0 0.9747596153846154 0.19230769230769232 0.028846153846153848 0.125
0 0.40024038461538464 0.2127403846153846 0.06490384615384616 0.11778846153846154