0 0.20072115384615385 0.41225961538461536 0.12259615384615384 0.0673076923076923
0 0.21634615384615385 0.8365384615384616 0.11778846153846154 0.0673076923076923
0 0.1971153846153846 0.2439903846153846 0.12740384615384615 0.0625
0 0.22115384615384615 0.9206730769230769 0.12740384615384615 0.07211538461538461
0 0.203125 0.33052884615384615 0.12259615384615384 0.0673076923076923
0 0.2091346153846154 0.4951923076923077 0.12259615384615384 0.0625
0 0.21995192307692307 0.7487980769230769 0.13221153846153846 0.06490384615384616
0 0.19591346153846154 0.07211538461538461 0.13221153846153846 0.06490384615384616
0 0.21634615384615385 0.5817307692307693 0.13701923076923078 0.0673076923076923
0 0.21995192307692307 0.6682692307692307 0.13221153846153846 0.0625
0 0.20673076923076922 0.15384615384615385 0.12740384615384615 0.0625
0 0.5048076923076923 0.484375 0.23798076923076922 0.0673076923076923
0 0.5384615384615384 0.9783653846153846 0.25 0.038461538461538464
0 0.5360576923076923 0.6598557692307693 0.21153846153846154 0.06490384615384616
0 0.5420673076923077 0.8317307692307693 0.23557692307692307 0.0673076923076923
0 0.5192307692307693 0.14182692307692307 0.25240384615384615 0.07451923076923077
0 0.5480769230769231 0.9146634615384616 0.21394230769230768 0.06009615384615385
0 0.5360576923076923 0.5685096153846154 0.19951923076923078 0.06009615384615385
0 0.5252403846153846 0.2247596153846154 0.24519230769230768 0.08173076923076923
0 0.5348557692307693 0.39903846153846156 0.2668269230769231 0.07932692307692307
0 0.5228365384615384 0.056490384615384616 0.2283653846153846 0.06971153846153846
0 0.5360576923076923 0.32091346153846156 0.22115384615384615 0.06490384615384616
0 0.5564903846153846 0.7463942307692307 0.22355769230769232 0.0673076923076923
0 0.8028846153846154 0.21754807692307693 0.24759615384615385 0.07211538461538461
0 0.8004807692307693 0.039663461538461536 0.2644230769230769 0.07692307692307693
0 0.8112980769230769 0.3954326923076923 0.19471153846153846 0.06009615384615385
0 0.8329326923076923 0.9038461538461539 0.2644230769230769 0.07451923076923077
0 0.8221153846153846 0.4831730769230769 0.2283653846153846 0.0625
0 0.8401442307692307 0.96875 0.21875 0.04326923076923077
0 0.8245192307692307 0.5649038461538461 0.22355769230769232 0.0625
0 0.8293269230769231 0.30408653846153844 0.25240384615384615 0.06490384615384616
0 0.8473557692307693 0.7355769230769231 0.24278846153846154 0.07211538461538461
0 0.8545673076923077 0.8149038461538461 0.21394230769230768 0.0625
0 0.8497596153846154 0.6430288461538461 0.21153846153846154 0.0625
0 0.8389423076923077 0.13341346153846154 0.19951923076923078 0.057692307692307696