0 0.7091346153846154 0.039663461538461536 0.21394230769230768 0.0625
0 0.7067307692307693 0.12139423076923077 0.21875 0.0673076923076923
0 0.7055288461538461 0.20793269230769232 0.23317307692307693 0.0673076923076923
0 0.7127403846153846 0.8028846153846154 0.21394230769230768 0.06009615384615385
0 0.7103365384615384 0.7175480769230769 0.23076923076923078 0.0625
0 0.7043269230769231 0.37740384615384615 0.23076923076923078 0.06009615384615385
0 0.6971153846153846 0.4639423076923077 0.2403846153846154 0.06490384615384616
0 0.6971153846153846 0.5480769230769231 0.23798076923076922 0.06490384615384616
0 0.6995192307692307 0.9663461538461539 0.2283653846153846 0.06009615384615385
0 0.6875 0.29927884615384615 0.28125 0.07211538461538461
0 0.6983173076923077 0.8894230769230769 0.2283653846153846 0.06009615384615385
0 0.6826923076923077 0.6358173076923077 0.2692307692307692 0.0673076923076923
0 0.4326923076923077 0.8088942307692307 0.28846153846153844 0.0625
0 0.4254807692307692 0.9711538461538461 0.2932692307692308 0.052884615384615384
0 0.42427884615384615 0.9002403846153846 0.2860576923076923 0.0673076923076923
0 0.4014423076923077 0.038461538461538464 0.24278846153846154 0.055288461538461536
0 0.4014423076923077 0.2091346153846154 0.23076923076923078 0.055288461538461536
0 0.40024038461538464 0.2980769230769231 0.2403846153846154 0.055288461538461536
0 0.39783653846153844 0.1310096153846154 0.2548076923076923 0.07211538461538461
0 0.40024038461538464 0.3870192307692308 0.2283653846153846 0.06490384615384616
0 0.4050480769230769 0.7271634615384616 0.24519230769230768 0.057692307692307696
0 0.3942307692307692 0.6418269230769231 0.23557692307692307 0.057692307692307696
0 0.390625 0.4699519230769231 0.22355769230769232 0.055288461538461536
0 0.3894230769230769 0.5588942307692307 0.22355769230769232 0.06490384615384616
0 0.07932692307692307 0.3762019230769231 0.15865384615384615 0.0673076923076923
0 0.0829326923076923 0.6370192307692307 0.15625 0.06971153846153846
0 0.078125 0.46274038461538464 0.15384615384615385 0.07211538461538461
0 0.07451923076923077 0.038461538461538464 0.14903846153846154 0.0625
0 0.08173076923076923 0.7235576923076923 0.15144230769230768 0.06009615384615385
0 0.07932692307692307 0.5528846153846154 0.15144230769230768 0.06971153846153846
0 0.07451923076923077 0.12379807692307693 0.14903846153846154 0.06971153846153846
0 0.08413461538461539 0.8040865384615384 0.15384615384615385 0.07211538461538461
0 0.07572115384615384 0.20793269230769232 0.15144230769230768 0.07451923076923077
0 0.07451923076923077 0.28966346153846156 0.14903846153846154 0.06971153846153846
0 0.08413461538461539 0.96875 0.14903846153846154 0.057692307692307696
0 0.0829326923076923 0.8918269230769231 0.1466346153846154 0.06971153846153846