0 0.6045673076923077 0.7548076923076923 0.055288461538461536 0.22596153846153846
0 0.08774038461538461 0.7331730769230769 0.06490384615384616 0.20432692307692307
0 0.6935096153846154 0.7512019230769231 0.055288461538461536 0.23076923076923078
0 0.17548076923076922 0.7319711538461539 0.057692307692307696 0.2283653846153846
0 0.25721153846153844 0.7319711538461539 0.057692307692307696 0.22355769230769232
0 0.953125 0.7463942307692307 0.06009615384615385 0.23798076923076922
0 0.3449519230769231 0.7247596153846154 0.06490384615384616 0.2403846153846154
0 0.5120192307692307 0.7307692307692307 0.0673076923076923 0.24278846153846154
0 0.8617788461538461 0.7415865384615384 0.06490384615384616 0.23798076923076922
0 0.42908653846153844 0.7247596153846154 0.0673076923076923 0.23557692307692307
0 0.5120192307692307 0.5637019230769231 0.07692307692307693 0.47596153846153844
0 0.9459134615384616 0.47475961538461536 0.0673076923076923 0.25240384615384615
0 0.7776442307692307 0.46153846153846156 0.0673076923076923 0.27163461538461536
0 0.8641826923076923 0.46274038461538464 0.0625 0.24759615384615385
0 0.18870192307692307 0.4338942307692308 0.06490384615384616 0.24759615384615385
0 0.35336538461538464 0.4326923076923077 0.06490384615384616 0.23317307692307693
0 0.0985576923076923 0.421875 0.06490384615384616 0.2403846153846154
0 0.027644230769230768 0.4182692307692308 0.055288461538461536 0.27884615384615385
0 0.6899038461538461 0.43149038461538464 0.06490384615384616 0.21875
0 0.2692307692307692 0.4170673076923077 0.06009615384615385 0.21394230769230768
0 0.3629807692307692 0.10697115384615384 0.08173076923076923 0.21394230769230768
0 0.6959134615384616 0.11057692307692307 0.06971153846153846 0.20432692307692307
0 0.6081730769230769 0.10576923076923077 0.07451923076923077 0.20192307692307693
0 0.5228365384615384 0.10216346153846154 0.07692307692307693 0.20192307692307693
0 0.7788461538461539 0.11177884615384616 0.07211538461538461 0.20192307692307693
0 0.44471153846153844 0.0985576923076923 0.06971153846153846 0.19471153846153846
0 0.8617788461538461 0.11298076923076923 0.07932692307692307 0.19951923076923078
0 0.953125 0.1141826923076923 0.07932692307692307 0.19471153846153846
0 0.18870192307692307 0.09495192307692307 0.07451923076923077 0.18990384615384615
0 0.2776442307692308 0.09495192307692307 0.06490384615384616 0.18990384615384615
0 0.10576923076923077 0.08774038461538461 0.0673076923076923 0.17548076923076922
0 0.036057692307692304 0.08653846153846154 0.04807692307692308 0.17307692307692307