0 0.5252403846153846 0.8064903846153846 0.06009615384615385 0.07932692307692307
0 0.2764423076923077 0.8185096153846154 0.0625 0.07451923076923077
0 0.3485576923076923 0.5336538461538461 0.0625 0.22355769230769232
0 0.08653846153846154 0.5432692307692307 0.0673076923076923 0.2403846153846154
0 0.171875 0.5360576923076923 0.06971153846153846 0.2403846153846154
0 0.4338942307692308 0.5228365384615384 0.0673076923076923 0.25961538461538464
0 0.7740384615384616 0.5072115384615384 0.07211538461538461 0.25
0 0.9435096153846154 0.5024038461538461 0.07451923076923077 0.25961538461538464
0 0.859375 0.5048076923076923 0.07451923076923077 0.25
0 0.25961538461538464 0.5192307692307693 0.06971153846153846 0.2644230769230769
0 0.5949519230769231 0.37740384615384615 0.08653846153846154 0.5096153846153846
0 0.421875 0.3293269230769231 0.07692307692307693 0.4495192307692308
0 0.5048076923076923 0.25961538461538464 0.06490384615384616 0.3004807692307692
0 0.016826923076923076 0.24158653846153846 0.03365384615384615 0.2764423076923077
0 0.6742788461538461 0.21995192307692307 0.06490384615384616 0.25240384615384615
0 0.24639423076923078 0.22956730769230768 0.06490384615384616 0.25240384615384615
0 0.8509615384615384 0.2091346153846154 0.0673076923076923 0.2620192307692308
0 0.7596153846153846 0.2091346153846154 0.07211538461538461 0.2764423076923077
0 0.33413461538461536 0.21514423076923078 0.06490384615384616 0.22355769230769232