0 0.75 0.44591346153846156 0.21634615384615385 0.07451923076923077
0 0.7548076923076923 0.2764423076923077 0.22355769230769232 0.08173076923076923
0 0.7439903846153846 0.36177884615384615 0.24519230769230768 0.07692307692307693
0 0.7307692307692307 0.5252403846153846 0.23798076923076922 0.08413461538461539
0 0.7608173076923077 0.03485576923076923 0.24519230769230768 0.04807692307692308
0 0.7019230769230769 0.8641826923076923 0.24278846153846154 0.08173076923076923
0 0.7079326923076923 0.7764423076923077 0.22355769230769232 0.07451923076923077
0 0.6947115384615384 0.9507211538461539 0.23076923076923078 0.07932692307692307
0 0.7512019230769231 0.1045673076923077 0.23557692307692307 0.07692307692307693
0 0.7427884615384616 0.18870192307692307 0.25240384615384615 0.08413461538461539
0 0.7043269230769231 0.6959134615384616 0.24278846153846154 0.08173076923076923
0 0.7079326923076923 0.609375 0.24759615384615385 0.08173076923076923
0 0.48677884615384615 0.019230769230769232 0.25721153846153844 0.038461538461538464
0 0.4519230769230769 0.5012019230769231 0.2860576923076923 0.07692307692307693
0 0.42788461538461536 0.8401442307692307 0.2860576923076923 0.07692307692307693
0 0.44471153846153844 0.5829326923076923 0.2668269230769231 0.08173076923076923
0 0.4182692307692308 0.7475961538461539 0.25240384615384615 0.08413461538461539
0 0.4651442307692308 0.06610576923076923 0.2283653846153846 0.06971153846153846
0 0.41947115384615385 0.6610576923076923 0.2403846153846154 0.08413461538461539
0 0.39663461538461536 0.9266826923076923 0.24519230769230768 0.07451923076923077
0 0.4254807692307692 0.4074519230769231 0.21394230769230768 0.07451923076923077
0 0.4411057692307692 0.15625 0.21153846153846154 0.0673076923076923
0 0.421875 0.3269230769230769 0.21875 0.07451923076923077
0 0.41947115384615385 0.24278846153846154 0.18509615384615385 0.0673076923076923
0 0.11057692307692307 0.30528846153846156 0.19471153846153846 0.07211538461538461
0 0.09735576923076923 0.47115384615384615 0.19230769230769232 0.08173076923076923
0 0.09014423076923077 0.5612980769230769 0.18028846153846154 0.08413461538461539
0 0.09975961538461539 0.38822115384615385 0.18509615384615385 0.07932692307692307
0 0.07932692307692307 0.9026442307692307 0.15865384615384615 0.0889423076923077
0 0.12259615384615384 0.04447115384615385 0.18269230769230768 0.07932692307692307
0 0.08533653846153846 0.6418269230769231 0.17067307692307693 0.07211538461538461
0 0.11538461538461539 0.13341346153846154 0.18028846153846154 0.08413461538461539
0 0.0829326923076923 0.734375 0.1658653846153846 0.08413461538461539
0 0.07932692307692307 0.8161057692307693 0.15865384615384615 0.0889423076923077
0 0.1045673076923077 0.21153846153846154 0.17067307692307693 0.08413461538461539