0 0.39302884615384615 0.0673076923076923 0.06971153846153846 0.1346153846153846
0 0.6550480769230769 0.07572115384615384 0.0673076923076923 0.1346153846153846
0 0.05889423076923077 0.056490384615384616 0.07932692307692307 0.11298076923076923
0 0.4795673076923077 0.0673076923076923 0.08413461538461539 0.1346153846153846
0 0.8209134615384616 0.08173076923076923 0.07451923076923077 0.12980769230769232
0 0.7415865384615384 0.078125 0.06971153846153846 0.12980769230769232
0 0.5697115384615384 0.06971153846153846 0.07692307692307693 0.12980769230769232
0 0.30528846153846156 0.06009615384615385 0.07692307692307693 0.1201923076923077
0 0.9074519230769231 0.08533653846153846 0.07451923076923077 0.12259615384615384
0 0.9759615384615384 0.09014423076923077 0.04326923076923077 0.12740384615384615
0 0.036057692307692304 0.6706730769230769 0.07211538461538461 0.22115384615384615
0 0.11298076923076923 0.6694711538461539 0.06971153846153846 0.22355769230769232
0 0.7091346153846154 0.6935096153846154 0.06971153846153846 0.2283653846153846
0 0.796875 0.6995192307692307 0.0673076923076923 0.21634615384615385
0 0.3713942307692308 0.6730769230769231 0.0673076923076923 0.23557692307692307
0 0.45913461538461536 0.6682692307692307 0.07211538461538461 0.24759615384615385
0 0.5420673076923077 0.6730769230769231 0.07451923076923077 0.24759615384615385
0 0.28966346153846156 0.65625 0.08173076923076923 0.27403846153846156
0 0.8798076923076923 0.6862980769230769 0.07451923076923077 0.23317307692307693
0 0.9615384615384616 0.6887019230769231 0.06490384615384616 0.22115384615384615
0 0.6334134615384616 0.671875 0.07211538461538461 0.25961538461538464
0 0.38341346153846156 0.40625 0.06971153846153846 0.2644230769230769
0 0.051682692307692304 0.37740384615384615 0.08173076923076923 0.2620192307692308
0 0.8161057692307693 0.4014423076923077 0.07211538461538461 0.2956730769230769
0 0.21634615384615385 0.36538461538461536 0.06009615384615385 0.23557692307692307
0 0.13701923076923078 0.3605769230769231 0.08413461538461539 0.25721153846153844
0 0.7319711538461539 0.3894230769230769 0.06490384615384616 0.25240384615384615
0 0.6490384615384616 0.375 0.06490384615384616 0.23317307692307693
0 0.47596153846153844 0.3629807692307692 0.06490384615384616 0.22115384615384615
0 0.5612980769230769 0.3485576923076923 0.07451923076923077 0.25240384615384615