0 0.20072115384615385 0.2776442307692308 0.06490384615384616 0.21875
0 0.03365384615384615 0.29086538461538464 0.0673076923076923 0.22596153846153846
0 0.8846153846153846 0.23197115384615385 0.06971153846153846 0.21394230769230768
0 0.9507211538461539 0.2283653846153846 0.07451923076923077 0.23076923076923078
0 0.11658653846153846 0.2860576923076923 0.07211538461538461 0.2283653846153846
0 0.8004807692307693 0.24278846153846154 0.06971153846153846 0.23317307692307693
0 0.7163461538461539 0.24879807692307693 0.07451923076923077 0.23798076923076922
0 0.29086538461538464 0.27884615384615385 0.0673076923076923 0.2283653846153846
0 0.6322115384615384 0.2548076923076923 0.0625 0.22355769230769232
0 0.4675480769230769 0.2704326923076923 0.06490384615384616 0.21394230769230768
0 0.5480769230769231 0.2824519230769231 0.08173076923076923 0.2548076923076923
0 0.37740384615384615 0.2932692307692308 0.08173076923076923 0.28125
0 0.3016826923076923 0.625 0.0673076923076923 0.22355769230769232
0 0.9038461538461539 0.5901442307692307 0.07692307692307693 0.2283653846153846
0 0.7331730769230769 0.6033653846153846 0.06971153846153846 0.2403846153846154
0 0.9711538461538461 0.5865384615384616 0.052884615384615384 0.22115384615384615
0 0.3894230769230769 0.6298076923076923 0.0673076923076923 0.23076923076923078
0 0.8125 0.6009615384615384 0.07932692307692307 0.2403846153846154
0 0.22596153846153846 0.6442307692307693 0.09375 0.25
0 0.6502403846153846 0.6153846153846154 0.07451923076923077 0.25721153846153844
0 0.5612980769230769 0.6237980769230769 0.07451923076923077 0.24759615384615385
0 0.47836538461538464 0.6322115384615384 0.08413461538461539 0.25
0 0.042067307692307696 0.6622596153846154 0.07211538461538461 0.25721153846153844
0 0.12860576923076922 0.6586538461538461 0.07932692307692307 0.28846153846153844
0 0.4987980769230769 0.875 0.08413461538461539 0.24519230769230768
0 0.06971153846153846 0.9038461538461539 0.0673076923076923 0.1875
0 0.24278846153846154 0.8978365384615384 0.07211538461538461 0.19951923076923078
0 0.15985576923076922 0.9026442307692307 0.0889423076923077 0.18990384615384615
0 0.5805288461538461 0.8882211538461539 0.07211538461538461 0.21153846153846154
0 0.41466346153846156 0.8966346153846154 0.06971153846153846 0.20192307692307693
0 0.9795673076923077 0.859375 0.036057692307692304 0.21394230769230768
0 0.6694711538461539 0.8882211538461539 0.0673076923076923 0.19471153846153846
0 0.8353365384615384 0.8762019230769231 0.0673076923076923 0.19951923076923078
0 0.9182692307692307 0.8713942307692307 0.07692307692307693 0.19951923076923078
0 0.7548076923076923 0.8930288461538461 0.07211538461538461 0.18028846153846154
0 0.3317307692307692 0.9158653846153846 0.07692307692307693 0.16346153846153846