0 0.6153846153846154 0.8269230769230769 0.2283653846153846 0.07692307692307693
0 0.6322115384615384 0.49038461538461536 0.2548076923076923 0.06971153846153846
0 0.6538461538461539 0.06129807692307692 0.21634615384615385 0.07211538461538461
0 0.6442307692307693 0.15384615384615385 0.22596153846153846 0.07451923076923077
0 0.6213942307692307 0.5745192307692307 0.23798076923076922 0.07692307692307693
0 0.5997596153846154 0.9771634615384616 0.22355769230769232 0.040865384615384616
0 0.6370192307692307 0.23677884615384615 0.24278846153846154 0.07211538461538461
0 0.5997596153846154 0.9110576923076923 0.22596153846153846 0.07692307692307693
0 0.625 0.40625 0.19951923076923078 0.06490384615384616
0 0.6069711538461539 0.7415865384615384 0.20192307692307693 0.0673076923076923
0 0.6069711538461539 0.6550480769230769 0.21394230769230768 0.06971153846153846
0 0.6165865384615384 0.32091346153846156 0.21153846153846154 0.06971153846153846
0 0.2824519230769231 0.39783653846153844 0.22115384615384615 0.0673076923076923
0 0.2860576923076923 0.31009615384615385 0.22355769230769232 0.07932692307692307
0 0.25841346153846156 0.7259615384615384 0.21634615384615385 0.07451923076923077
0 0.26802884615384615 0.4807692307692308 0.24759615384615385 0.07451923076923077
0 0.2800480769230769 0.22716346153846154 0.20192307692307693 0.07451923076923077
0 0.23557692307692307 0.9675480769230769 0.23076923076923078 0.04567307692307692
0 0.23317307692307693 0.9038461538461539 0.21875 0.0625
0 0.27283653846153844 0.14182692307692307 0.24278846153846154 0.06490384615384616
0 0.24519230769230768 0.6502403846153846 0.24519230769230768 0.06971153846153846
0 0.23677884615384615 0.8161057692307693 0.25 0.07451923076923077
0 0.27524038461538464 0.057692307692307696 0.25721153846153844 0.08173076923076923
0 0.2439903846153846 0.5625 0.2668269230769231 0.06971153846153846
0 0.06009615384615385 0.45913461538461536 0.11538461538461539 0.06009615384615385
0 0.08173076923076923 0.036057692307692304 0.11298076923076923 0.06971153846153846
0 0.046875 0.71875 0.09375 0.0673076923076923
0 0.046875 0.7956730769230769 0.09375 0.07211538461538461
0 0.051682692307692304 0.5456730769230769 0.10336538461538461 0.0673076923076923
0 0.037259615384615384 0.9543269230769231 0.07451923076923077 0.04807692307692308
0 0.040865384615384616 0.625 0.08173076923076923 0.07692307692307693
0 0.03485576923076923 0.8786057692307693 0.06971153846153846 0.06971153846153846