0 0.1814903846153846 0.22956730769230768 0.0673076923076923 0.18028846153846154
0 0.6862980769230769 0.24879807692307693 0.06490384615384616 0.19471153846153846
0 0.3545673076923077 0.23918269230769232 0.0673076923076923 0.1875
0 0.028846153846153848 0.22716346153846154 0.036057692307692304 0.19471153846153846
0 0.5228365384615384 0.24759615384615385 0.06971153846153846 0.20673076923076922
0 0.5817307692307693 0.5685096153846154 0.06971153846153846 0.21153846153846154
0 0.24879807692307693 0.5685096153846154 0.0673076923076923 0.2283653846153846
0 0.6634615384615384 0.5829326923076923 0.06490384615384616 0.24278846153846154
0 0.921875 0.5973557692307693 0.06971153846153846 0.2403846153846154
0 0.016826923076923076 0.5673076923076923 0.03365384615384615 0.21634615384615385
0 0.1622596153846154 0.5733173076923077 0.06971153846153846 0.24519230769230768
0 0.5036057692307693 0.5865384615384616 0.07211538461538461 0.25721153846153844
0 0.7524038461538461 0.5961538461538461 0.07211538461538461 0.20673076923076922
0 0.3317307692307692 0.5853365384615384 0.06490384615384616 0.25240384615384615
0 0.07692307692307693 0.578125 0.0625 0.24519230769230768
0 0.41466346153846156 0.5925480769230769 0.07211538461538461 0.25961538461538464
0 0.8389423076923077 0.6177884615384616 0.0673076923076923 0.21394230769230768
0 0.4110576923076923 0.859375 0.07211538461538461 0.25961538461538464
0 0.921875 0.8677884615384616 0.06971153846153846 0.25961538461538464
0 0.5 0.8629807692307693 0.06971153846153846 0.27163461538461536
0 0.15985576923076922 0.8521634615384616 0.06971153846153846 0.2692307692307692
0 0.016826923076923076 0.8533653846153846 0.03365384615384615 0.25961538461538464
0 0.3293269230769231 0.8701923076923077 0.07451923076923077 0.24519230769230768
0 0.24158653846153846 0.8725961538461539 0.06490384615384616 0.23557692307692307
0 0.07692307692307693 0.8665865384615384 0.07211538461538461 0.23557692307692307
0 0.5865384615384616 0.8870192307692307 0.07692307692307693 0.22115384615384615
0 0.8377403846153846 0.8942307692307693 0.07451923076923077 0.20673076923076922
0 0.7487980769230769 0.8954326923076923 0.07451923076923077 0.20432692307692307
0 0.6682692307692307 0.8990384615384616 0.07211538461538461 0.1971153846153846
0 0.9471153846153846 0.24759615384615385 0.07211538461538461 0.16346153846153846
0 0.8581730769230769 0.24519230769230768 0.06971153846153846 0.18028846153846154
0 0.7740384615384616 0.24639423076923078 0.06971153846153846 0.20192307692307693
0 0.2668269230769231 0.22956730769230768 0.06490384615384616 0.18509615384615385
0 0.43509615384615385 0.23557692307692307 0.06971153846153846 0.20432692307692307
0 0.5985576923076923 0.24158653846153846 0.06009615384615385 0.19471153846153846
0 0.09615384615384616 0.22355769230769232 0.06971153846153846 0.18509615384615385
0 0.9891826923076923 0.25841346153846156 0.016826923076923076 0.16105769230769232