0 0.6598557692307693 0.9579326923076923 0.06009615384615385 0.07451923076923077
0 0.9122596153846154 0.9591346153846154 0.0625 0.0625
0 0.21995192307692307 0.18269230769230768 0.057692307692307696 0.057692307692307696
0 0.8149038461538461 0.17427884615384615 0.04567307692307692 0.057692307692307696
0 0.6478365384615384 0.18269230769230768 0.052884615384615384 0.0673076923076923
0 0.5612980769230769 0.1875 0.05048076923076923 0.07451923076923077
0 0.5661057692307693 0.38341346153846156 0.06009615384615385 0.25
0 0.2283653846153846 0.39302884615384615 0.0673076923076923 0.2620192307692308
0 0.8161057692307693 0.38341346153846156 0.06009615384615385 0.2403846153846154
0 0.6478365384615384 0.3858173076923077 0.06009615384615385 0.23317307692307693
0 0.9735576923076923 0.38221153846153844 0.04807692307692308 0.2620192307692308
0 0.90625 0.38221153846153844 0.0625 0.23557692307692307
0 0.7355769230769231 0.39783653846153844 0.06009615384615385 0.21634615384615385
0 0.3137019230769231 0.4050480769230769 0.057692307692307696 0.21634615384615385
0 0.41225961538461536 0.734375 0.0625 0.21153846153846154
0 0.24278846153846154 0.7475961538461539 0.0673076923076923 0.22115384615384615
0 0.7487980769230769 0.7451923076923077 0.06009615384615385 0.23076923076923078
0 0.33052884615384615 0.7548076923076923 0.06490384615384616 0.2403846153846154
0 0.49759615384615385 0.7596153846153846 0.0625 0.2548076923076923
0 0.8317307692307693 0.7536057692307693 0.0625 0.25
0 0.6574519230769231 0.7572115384615384 0.06971153846153846 0.24519230769230768
0 0.0733173076923077 0.7692307692307693 0.06009615384615385 0.25961538461538464
0 0.9819711538461539 0.7548076923076923 0.03125 0.2403846153846154
0 0.5757211538461539 0.7620192307692307 0.06009615384615385 0.25721153846153844
0 0.1622596153846154 0.7704326923076923 0.07451923076923077 0.25961538461538464
0 0.9170673076923077 0.7596153846153846 0.06009615384615385 0.2403846153846154