0 0.9819711538461539 0.23317307692307693 0.02403846153846154 0.18509615384615385
0 0.48677884615384615 0.2439903846153846 0.06971153846153846 0.2091346153846154
0 0.9158653846153846 0.23677884615384615 0.0673076923076923 0.21394230769230768
0 0.9759615384615384 0.23557692307692307 0.036057692307692304 0.19471153846153846
0 0.3954326923076923 0.25 0.0625 0.19951923076923078
0 0.8257211538461539 0.24278846153846154 0.0625 0.20432692307692307
0 0.6574519230769231 0.24879807692307693 0.057692307692307696 0.20432692307692307
0 0.22956730769230768 0.25600961538461536 0.0625 0.20432692307692307
0 0.31490384615384615 0.25600961538461536 0.06490384615384616 0.21153846153846154
0 0.5721153846153846 0.2536057692307692 0.06490384615384616 0.20673076923076922
0 0.14543269230769232 0.2620192307692308 0.0673076923076923 0.2091346153846154
0 0.7367788461538461 0.2536057692307692 0.06971153846153846 0.22115384615384615
0 0.06009615384615385 0.265625 0.06009615384615385 0.21875
0 0.4879807692307692 0.59375 0.06490384615384616 0.22115384615384615
0 0.6586538461538461 0.5973557692307693 0.06490384615384616 0.22355769230769232
0 0.9182692307692307 0.5961538461538461 0.06971153846153846 0.25
0 0.9831730769230769 0.5973557692307693 0.028846153846153848 0.2620192307692308
0 0.8353365384615384 0.6009615384615384 0.06490384615384616 0.24759615384615385
0 0.31850961538461536 0.6141826923076923 0.06490384615384616 0.2403846153846154
0 0.234375 0.6165865384615384 0.06971153846153846 0.24278846153846154
0 0.5745192307692307 0.6129807692307693 0.07211538461538461 0.25240384615384615
0 0.06370192307692307 0.6237980769230769 0.06971153846153846 0.23798076923076922
0 0.14783653846153846 0.6274038461538461 0.07451923076923077 0.24278846153846154
0 0.7512019230769231 0.6165865384615384 0.06490384615384616 0.25240384615384615
0 0.40384615384615385 0.6274038461538461 0.0673076923076923 0.2764423076923077
0 0.49759615384615385 0.875 0.06490384615384616 0.24519230769230768
0 0.5841346153846154 0.8786057692307693 0.0673076923076923 0.23557692307692307
0 0.9855769230769231 0.8762019230769231 0.02403846153846154 0.2283653846153846
0 0.24278846153846154 0.8882211538461539 0.07211538461538461 0.21875
0 0.41466346153846156 0.890625 0.06490384615384616 0.21634615384615385
0 0.0673076923076923 0.8930288461538461 0.07692307692307693 0.2091346153846154
0 0.9290865384615384 0.8858173076923077 0.07451923076923077 0.2091346153846154
0 0.328125 0.8954326923076923 0.06490384615384616 0.20432692307692307
0 0.7560096153846154 0.8918269230769231 0.057692307692307696 0.20192307692307693
0 0.6682692307692307 0.90625 0.06490384615384616 0.1778846153846154
0 0.8389423076923077 0.9038461538461539 0.055288461538461536 0.17548076923076922
0 0.15264423076923078 0.9122596153846154 0.06009615384615385 0.17067307692307693