0 0.2704326923076923 0.09615384615384616 0.27403846153846156 0.08173076923076923
0 0.2980769230769231 0.6021634615384616 0.3004807692307692 0.07692307692307693
0 0.27884615384615385 0.027644230769230768 0.25240384615384615 0.040865384615384616
0 0.3233173076923077 0.8581730769230769 0.2956730769230769 0.07692307692307693
0 0.3076923076923077 0.515625 0.2956730769230769 0.06971153846153846
0 0.3329326923076923 0.7752403846153846 0.23317307692307693 0.06971153846153846
0 0.3293269230769231 0.6887019230769231 0.24759615384615385 0.07692307692307693
0 0.3125 0.171875 0.22596153846153846 0.0673076923076923
0 0.3545673076923077 0.9411057692307693 0.25240384615384615 0.06971153846153846
0 0.3329326923076923 0.43028846153846156 0.23798076923076922 0.0673076923076923
0 0.3245192307692308 0.2620192307692308 0.23076923076923078 0.0673076923076923
0 0.33413461538461536 0.34615384615384615 0.22596153846153846 0.07211538461538461
0 0.6778846153846154 0.5036057692307693 0.22355769230769232 0.07211538461538461
0 0.6778846153846154 0.3269230769230769 0.22596153846153846 0.06490384615384616
0 0.6658653846153846 0.015625 0.2548076923076923 0.03125
0 0.6706730769230769 0.07211538461538461 0.24759615384615385 0.07932692307692307
0 0.6766826923076923 0.15264423076923078 0.23798076923076922 0.07692307692307693
0 0.7055288461538461 0.6706730769230769 0.25 0.07211538461538461
0 0.6959134615384616 0.41586538461538464 0.2620192307692308 0.07451923076923077
0 0.7139423076923077 0.7596153846153846 0.24759615384615385 0.07692307692307693
0 0.7223557692307693 0.8389423076923077 0.25721153846153844 0.08413461538461539
0 0.7283653846153846 0.9290865384615384 0.25961538461538464 0.07692307692307693
0 0.6995192307692307 0.23798076923076922 0.2692307692307692 0.07932692307692307
0 0.7896634615384616 0.578125 0.41586538461538464 0.09375
0 0.9182692307692307 0.4831730769230769 0.16105769230769232 0.06971153846153846
0 0.9182692307692307 0.39663461538461536 0.15144230769230768 0.06971153846153846
0 0.9026442307692307 0.009615384615384616 0.1466346153846154 0.019230769230769232
0 0.9350961538461539 0.7391826923076923 0.125 0.07451923076923077
0 0.9423076923076923 0.9170673076923077 0.11057692307692307 0.07932692307692307
0 0.9074519230769231 0.054086538461538464 0.13701923076923078 0.07211538461538461
0 0.9230769230769231 0.2247596153846154 0.125 0.06971153846153846
0 0.9399038461538461 0.6574519230769231 0.11538461538461539 0.06971153846153846
0 0.9423076923076923 0.3125 0.09375 0.06490384615384616
0 0.9603365384615384 0.8317307692307693 0.07451923076923077 0.057692307692307696
0 0.9362980769230769 0.14182692307692307 0.0889423076923077 0.06009615384615385