0 0.22235576923076922 0.07572115384615384 0.2091346153846154 0.07932692307692307
0 0.22956730769230768 0.17067307692307693 0.22355769230769232 0.07692307692307693
0 0.24519230769230768 0.41947115384615385 0.19951923076923078 0.07211538461538461
0 0.2668269230769231 0.8389423076923077 0.2091346153846154 0.07451923076923077
0 0.2548076923076923 0.5865384615384616 0.22115384615384615 0.07692307692307693
0 0.27283653846153844 0.9278846153846154 0.21634615384615385 0.07451923076923077
0 0.2776442307692308 0.9831730769230769 0.21394230769230768 0.028846153846153848
0 0.26322115384615385 0.671875 0.21875 0.0673076923076923
0 0.2704326923076923 0.7560096153846154 0.21394230769230768 0.07211538461538461
0 0.2439903846153846 0.2536057692307692 0.2283653846153846 0.07932692307692307
0 0.25841346153846156 0.5 0.21153846153846154 0.07211538461538461
0 0.24879807692307693 0.33413461538461536 0.21153846153846154 0.07211538461538461
0 0.5865384615384616 0.4050480769230769 0.19471153846153846 0.06971153846153846
0 0.5877403846153846 0.23918269230769232 0.20432692307692307 0.07932692307692307
0 0.6165865384615384 0.7403846153846154 0.23317307692307693 0.07211538461538461
0 0.5949519230769231 0.32572115384615385 0.2091346153846154 0.06971153846153846
0 0.6262019230769231 0.828125 0.24519230769230768 0.07451923076923077
0 0.6358173076923077 0.9771634615384616 0.2091346153846154 0.038461538461538464
0 0.6129807692307693 0.4879807692307692 0.25721153846153844 0.07932692307692307
0 0.6225961538461539 0.6574519230769231 0.2548076923076923 0.06490384615384616
0 0.5925480769230769 0.0673076923076923 0.24759615384615385 0.07692307692307693
0 0.6382211538461539 0.9122596153846154 0.25961538461538464 0.06971153846153846
0 0.6225961538461539 0.5733173076923077 0.2548076923076923 0.06971153846153846
0 0.609375 0.14903846153846154 0.23798076923076922 0.08173076923076923
0 0.8798076923076923 0.5564903846153846 0.23557692307692307 0.07211538461538461
0 0.8762019230769231 0.4699519230769231 0.24278846153846154 0.07211538461538461
0 0.890625 0.9627403846153846 0.21394230769230768 0.04567307692307692
0 0.8882211538461539 0.8040865384615384 0.21875 0.08413461538461539
0 0.8653846153846154 0.046875 0.22115384615384615 0.07692307692307693
0 0.8918269230769231 0.6346153846153846 0.21153846153846154 0.07692307692307693
0 0.8990384615384616 0.7247596153846154 0.1971153846153846 0.06490384615384616
0 0.9026442307692307 0.8930288461538461 0.18990384615384615 0.07451923076923077
0 0.8930288461538461 0.3762019230769231 0.19471153846153846 0.07211538461538461
0 0.8846153846153846 0.21634615384615385 0.19951923076923078 0.06971153846153846
0 0.8798076923076923 0.12620192307692307 0.19951923076923078 0.07692307692307693
0 0.8930288461538461 0.2980769230769231 0.19230769230769232 0.06971153846153846