0 0.41466346153846156 0.8990384615384616 0.21875 0.06490384615384616
0 0.4050480769230769 0.3858173076923077 0.21875 0.052884615384615384
0 0.41346153846153844 0.7319711538461539 0.23317307692307693 0.057692307692307696
0 0.40625 0.29927884615384615 0.21875 0.057692307692307696
0 0.4206730769230769 0.9735576923076923 0.22115384615384615 0.04807692307692308
0 0.40865384615384615 0.21514423076923078 0.23798076923076922 0.08173076923076923
0 0.4206730769230769 0.8125 0.23317307692307693 0.06009615384615385
0 0.4074519230769231 0.13341346153846154 0.2403846153846154 0.0673076923076923
0 0.4206730769230769 0.4723557692307692 0.2403846153846154 0.0625
0 0.4254807692307692 0.6442307692307693 0.25 0.06490384615384616
0 0.41586538461538464 0.039663461538461536 0.25721153846153844 0.0625
0 0.4266826923076923 0.5588942307692307 0.23557692307692307 0.0625
0 0.6862980769230769 0.04447115384615385 0.25 0.0673076923076923
0 0.6971153846153846 0.8052884615384616 0.1971153846153846 0.057692307692307696
0 0.6983173076923077 0.12620192307692307 0.25 0.0625
0 0.7043269230769231 0.4723557692307692 0.2980769230769231 0.0673076923076923
0 0.7043269230769231 0.21754807692307693 0.2692307692307692 0.0625
0 0.7115384615384616 0.390625 0.24519230769230768 0.0625
0 0.703125 0.04807692307692308 0.24759615384615385 0.08413461538461539
0 0.7139423076923077 0.5540865384615384 0.2620192307692308 0.0625
0 0.7223557692307693 0.9002403846153846 0.24278846153846154 0.057692307692307696
0 0.7235576923076923 0.9711538461538461 0.28125 0.05048076923076923
0 0.7211538461538461 0.6430288461538461 0.23557692307692307 0.0625
0 0.7223557692307693 0.30408653846153844 0.21634615384615385 0.0625
0 0.7331730769230769 0.7235576923076923 0.21875 0.06009615384615385