0 0.41225961538461536 0.5336538461538461 0.0673076923076923 0.21875
0 0.2439903846153846 0.5216346153846154 0.06971153846153846 0.22596153846153846
0 0.3317307692307692 0.5192307692307693 0.07211538461538461 0.24519230769230768
0 0.7475961538461539 0.5372596153846154 0.07211538461538461 0.23317307692307693
0 0.07932692307692307 0.5024038461538461 0.07692307692307693 0.24759615384615385
0 0.4963942307692308 0.5216346153846154 0.07692307692307693 0.25721153846153844
0 0.9206730769230769 0.5408653846153846 0.0673076923076923 0.23317307692307693
0 0.6634615384615384 0.5252403846153846 0.07692307692307693 0.24759615384615385
0 0.8341346153846154 0.5348557692307693 0.07211538461538461 0.24278846153846154
0 0.16105769230769232 0.49759615384615385 0.07211538461538461 0.2644230769230769
0 0.5817307692307693 0.5168269230769231 0.07932692307692307 0.2620192307692308
0 0.07932692307692307 0.22596153846153846 0.07932692307692307 0.27403846153846156
0 0.5036057692307693 0.24158653846153846 0.0673076923076923 0.28365384615384615
0 0.5949519230769231 0.24519230769230768 0.07211538461538461 0.2620192307692308
0 0.8461538461538461 0.2548076923076923 0.06971153846153846 0.28846153846153844
0 0.9879807692307693 0.2620192307692308 0.019230769230769232 0.2692307692307692
0 0.6742788461538461 0.23677884615384615 0.07451923076923077 0.25721153846153844
0 0.9290865384615384 0.24278846153846154 0.07211538461538461 0.25240384615384615
0 0.7632211538461539 0.23317307692307693 0.07211538461538461 0.2403846153846154
0 0.4206730769230769 0.2091346153846154 0.0673076923076923 0.23317307692307693
0 0.16947115384615385 0.18870192307692307 0.07451923076923077 0.21875
0 0.25600961538461536 0.19230769230769232 0.06971153846153846 0.22596153846153846
0 0.33774038461538464 0.1935096153846154 0.06971153846153846 0.2283653846153846
0 0.054086538461538464 0.796875 0.06971153846153846 0.06971153846153846
0 0.13701923076923078 0.796875 0.07451923076923077 0.07932692307692307
0 0.7307692307692307 0.8233173076923077 0.0673076923076923 0.08653846153846154
0 0.3942307692307692 0.8064903846153846 0.06490384615384616 0.08653846153846154
0 0.90625 0.8329326923076923 0.0673076923076923 0.08653846153846154
0 0.22956730769230768 0.7956730769230769 0.07211538461538461 0.09134615384615384
0 0.8137019230769231 0.8257211538461539 0.06009615384615385 0.09615384615384616
0 0.3125 0.7980769230769231 0.06490384615384616 0.0889423076923077
0 0.6478365384615384 0.8149038461538461 0.06009615384615385 0.09134615384615384
0 0.5612980769230769 0.8088942307692307 0.0625 0.0889423076923077
0 0.47716346153846156 0.8040865384615384 0.0625 0.0889423076923077