0 0.27283653846153844 0.984375 0.19471153846153846 0.026442307692307692
0 0.27163461538461536 0.921875 0.20192307692307693 0.07451923076923077
0 0.23918269230769232 0.40625 0.1875 0.057692307692307696
0 0.234375 0.32211538461538464 0.18509615384615385 0.0625
0 0.25240384615384615 0.4951923076923077 0.22115384615384615 0.07211538461538461
0 0.265625 0.6646634615384616 0.21394230769230768 0.06971153846153846
0 0.27403846153846156 0.7475961538461539 0.17067307692307693 0.06009615384615385
0 0.23798076923076922 0.23798076923076922 0.18990384615384615 0.0673076923076923
0 0.2800480769230769 0.8317307692307693 0.18990384615384615 0.0625
0 0.26322115384615385 0.5793269230769231 0.22596153846153846 0.0673076923076923
0 0.22716346153846154 0.0625 0.21153846153846154 0.06971153846153846
0 0.23798076923076922 0.14423076923076922 0.20192307692307693 0.0625
0 0.5084134615384616 0.48197115384615385 0.2668269230769231 0.07692307692307693
0 0.4891826923076923 0.055288461538461536 0.2403846153846154 0.06971153846153846
0 0.5012019230769231 0.13701923076923078 0.24759615384615385 0.07211538461538461
0 0.5084134615384616 0.22355769230769232 0.25961538461538464 0.07692307692307693
0 0.5336538461538461 0.5612980769230769 0.25240384615384615 0.07211538461538461
0 0.5216346153846154 0.3954326923076923 0.24278846153846154 0.07451923076923077
0 0.5709134615384616 0.9675480769230769 0.2668269230769231 0.06009615384615385
0 0.5661057692307693 0.9026442307692307 0.23317307692307693 0.07451923076923077
0 0.5600961538461539 0.8100961538461539 0.24759615384615385 0.07692307692307693
0 0.5348557692307693 0.3112980769230769 0.21875 0.06971153846153846
0 0.5661057692307693 0.7307692307692307 0.23317307692307693 0.07692307692307693
0 0.5612980769230769 0.6466346153846154 0.23798076923076922 0.07211538461538461
0 0.8810096153846154 0.4639423076923077 0.23076923076923078 0.08173076923076923
0 0.8786057692307693 0.3786057692307692 0.22355769230769232 0.07932692307692307
0 0.8725961538461539 0.29086538461538464 0.22596153846153846 0.07211538461538461
0 0.8918269230769231 0.6213942307692307 0.21153846153846154 0.09375
0 0.8581730769230769 0.04326923076923077 0.22596153846153846 0.08653846153846154
0 0.890625 0.5444711538461539 0.21394230769230768 0.08413461538461539
0 0.8990384615384616 0.7944711538461539 0.1971153846153846 0.07932692307692307
0 0.9074519230769231 0.9507211538461539 0.18028846153846154 0.055288461538461536
0 0.8990384615384616 0.7055288461538461 0.1971153846153846 0.07932692307692307
0 0.8725961538461539 0.20673076923076922 0.21634615384615385 0.07692307692307693
0 0.8665865384615384 0.1201923076923077 0.21634615384615385 0.08653846153846154
0 0.9086538461538461 0.8822115384615384 0.1778846153846154 0.07692307692307693