0 0.8317307692307693 0.33413461538461536 0.07932692307692307 0.28365384615384615
0 0.9771634615384616 0.3485576923076923 0.040865384615384616 0.3076923076923077
0 0.9206730769230769 0.3545673076923077 0.08413461538461539 0.29086538461538464
0 0.057692307692307696 0.296875 0.07211538461538461 0.24519230769230768
0 0.40625 0.3233173076923077 0.07451923076923077 0.24519230769230768
0 0.1502403846153846 0.3088942307692308 0.08173076923076923 0.2548076923076923
0 0.7427884615384616 0.35216346153846156 0.07692307692307693 0.25961538461538464
0 0.3173076923076923 0.32211538461538464 0.07451923076923077 0.2403846153846154
0 0.22716346153846154 0.3161057692307692 0.07211538461538461 0.2403846153846154
0 0.6574519230769231 0.35096153846153844 0.07211538461538461 0.22115384615384615
0 0.5709134615384616 0.35697115384615385 0.06971153846153846 0.22115384615384615
0 0.4891826923076923 0.35336538461538464 0.06971153846153846 0.22115384615384615
0 0.9603365384615384 0.7271634615384616 0.0625 0.2283653846153846
0 0.8786057692307693 0.7199519230769231 0.07932692307692307 0.2283653846153846
0 0.2824519230769231 0.6802884615384616 0.06971153846153846 0.2283653846153846
0 0.7091346153846154 0.7151442307692307 0.06971153846153846 0.23317307692307693
0 0.36899038461538464 0.6923076923076923 0.06971153846153846 0.2403846153846154
0 0.19831730769230768 0.6814903846153846 0.08413461538461539 0.25
0 0.11057692307692307 0.6790865384615384 0.08653846153846154 0.24278846153846154
0 0.03125 0.6754807692307693 0.0625 0.25961538461538464
0 0.4543269230769231 0.7055288461538461 0.08413461538461539 0.25721153846153844
0 0.7896634615384616 0.7283653846153846 0.07451923076923077 0.2403846153846154
0 0.6225961538461539 0.7199519230769231 0.07692307692307693 0.2644230769230769
0 0.5360576923076923 0.7151442307692307 0.07451923076923077 0.25721153846153844
0 0.43990384615384615 0.921875 0.06971153846153846 0.14903846153846154
0 0.025240384615384616 0.8978365384615384 0.05048076923076923 0.14182692307692307
0 0.9423076923076923 0.9483173076923077 0.0625 0.0985576923076923
0 0.5252403846153846 0.9326923076923077 0.07451923076923077 0.12980769230769232
0 0.35096153846153844 0.9242788461538461 0.07451923076923077 0.13221153846153846
0 0.18028846153846154 0.9134615384615384 0.06971153846153846 0.12980769230769232
0 0.09975961538461539 0.9086538461538461 0.07211538461538461 0.12980769230769232
0 0.6081730769230769 0.9435096153846154 0.07692307692307693 0.10817307692307693
0 0.7740384615384616 0.9495192307692307 0.0673076923076923 0.09615384615384616
0 0.8629807692307693 0.9555288461538461 0.0673076923076923 0.08413461538461539
0 0.6911057692307693 0.9579326923076923 0.06971153846153846 0.07932692307692307
0 0.2668269230769231 0.9387019230769231 0.057692307692307696 0.0889423076923077