0 0.7848557692307693 0.1141826923076923 0.19230769230769232 0.07211538461538461
0 0.7199519230769231 0.6213942307692307 0.3004807692307692 0.07932692307692307
0 0.7067307692307693 0.796875 0.24519230769230768 0.0673076923076923
0 0.7007211538461539 0.8762019230769231 0.2548076923076923 0.08173076923076923
0 0.6935096153846154 0.9639423076923077 0.24278846153846154 0.0673076923076923
0 0.7475961538461539 0.19831730769230768 0.25240384615384615 0.0673076923076923
0 0.7091346153846154 0.7103365384615384 0.23798076923076922 0.06971153846153846
0 0.7367788461538461 0.2824519230769231 0.24759615384615385 0.07451923076923077
0 0.7271634615384616 0.36778846153846156 0.22115384615384615 0.06971153846153846
0 0.7043269230769231 0.53125 0.21634615384615385 0.0625
0 0.6983173076923077 0.45072115384615385 0.2548076923076923 0.07932692307692307
0 0.3545673076923077 0.6081730769230769 0.2403846153846154 0.0889423076923077
0 0.3858173076923077 0.09495192307692307 0.23076923076923078 0.07692307692307693
0 0.34615384615384615 0.6959134615384616 0.2283653846153846 0.06971153846153846
0 0.34975961538461536 0.6117788461538461 0.2283653846153846 0.0673076923076923
0 0.3942307692307692 0.026442307692307692 0.22596153846153846 0.052884615384615384
0 0.3401442307692308 0.7776442307692307 0.24278846153846154 0.08413461538461539
0 0.3737980769230769 0.2668269230769231 0.24278846153846154 0.06971153846153846
0 0.37740384615384615 0.18389423076923078 0.2403846153846154 0.07692307692307693
0 0.32572115384615385 0.859375 0.25 0.0985576923076923
0 0.3629807692307692 0.3485576923076923 0.2644230769230769 0.07692307692307693
0 0.3473557692307692 0.5204326923076923 0.24759615384615385 0.08413461538461539
0 0.3161057692307692 0.9543269230769231 0.24759615384615385 0.07451923076923077
0 0.3473557692307692 0.4387019230769231 0.25721153846153844 0.07451923076923077
0 0.10096153846153846 0.8449519230769231 0.20192307692307693 0.07451923076923077
0 0.1045673076923077 0.49759615384615385 0.20432692307692307 0.055288461538461536
0 0.09134615384615384 0.5865384615384616 0.18028846153846154 0.06490384615384616
0 0.08052884615384616 0.9290865384615384 0.16105769230769232 0.06490384615384616
0 0.08533653846153846 0.7596153846153846 0.17067307692307693 0.0673076923076923
0 0.10096153846153846 0.41947115384615385 0.18509615384615385 0.06971153846153846
0 0.12740384615384615 0.016826923076923076 0.1875 0.03365384615384615
0 0.09975961538461539 0.3293269230769231 0.17067307692307693 0.06490384615384616
0 0.11538461538461539 0.07572115384615384 0.17307692307692307 0.06971153846153846
0 0.10697115384615384 0.15745192307692307 0.17067307692307693 0.06490384615384616
0 0.09615384615384616 0.24519230769230768 0.15384615384615385 0.07211538461538461
0 0.06971153846153846 0.671875 0.13942307692307693 0.07451923076923077