0 0.027644230769230768 0.5372596153846154 0.05048076923076923 0.21394230769230768
0 0.703125 0.5384615384615384 0.055288461538461536 0.22596153846153846
0 0.10336538461538461 0.5384615384615384 0.0625 0.22115384615384615
0 0.6153846153846154 0.5396634615384616 0.052884615384615384 0.23317307692307693
0 0.7860576923076923 0.5396634615384616 0.07692307692307693 0.23317307692307693
0 0.27524038461538464 0.5420673076923077 0.055288461538461536 0.23798076923076922
0 0.1935096153846154 0.5420673076923077 0.06009615384615385 0.23317307692307693
0 0.875 0.5444711538461539 0.0673076923076923 0.24278846153846154
0 0.3581730769230769 0.546875 0.057692307692307696 0.25721153846153844
0 0.5300480769230769 0.5480769230769231 0.06490384615384616 0.2403846153846154
0 0.9627403846153846 0.5504807692307693 0.06490384615384616 0.2548076923076923
0 0.44711538461538464 0.5528846153846154 0.057692307692307696 0.24519230769230768
0 0.9567307692307693 0.828125 0.057692307692307696 0.24278846153846154
0 0.5276442307692307 0.8305288461538461 0.06009615384615385 0.29086538461538464
0 0.8689903846153846 0.8353365384615384 0.06009615384615385 0.2620192307692308
0 0.44471153846153844 0.8401442307692307 0.057692307692307696 0.2668269230769231
0 0.609375 0.8401442307692307 0.06009615384615385 0.25240384615384615
0 0.7824519230769231 0.8401442307692307 0.06490384615384616 0.2668269230769231
0 0.026442307692307692 0.84375 0.04807692307692308 0.2692307692307692
0 0.35697115384615385 0.84375 0.06009615384615385 0.23557692307692307
0 0.18629807692307693 0.8473557692307693 0.055288461538461536 0.25240384615384615
0 0.10096153846153846 0.8497596153846154 0.06009615384615385 0.23557692307692307
0 0.6959134615384616 0.859375 0.055288461538461536 0.22355769230769232
0 0.27283653846153844 0.8605769230769231 0.055288461538461536 0.22115384615384615
0 0.7800480769230769 0.21754807692307693 0.055288461538461536 0.14182692307692307
0 0.6045673076923077 0.21875 0.055288461538461536 0.14423076923076922
0 0.09014423076923077 0.21875 0.0625 0.14423076923076922
0 0.9507211538461539 0.21875 0.055288461538461536 0.14423076923076922
0 0.5192307692307693 0.21995192307692307 0.057692307692307696 0.1466346153846154
0 0.34975961538461536 0.22115384615384615 0.06490384615384616 0.14903846153846154
0 0.2668269230769231 0.22235576923076922 0.057692307692307696 0.1466346153846154
0 0.6923076923076923 0.22235576923076922 0.057692307692307696 0.15144230769230768
0 0.8641826923076923 0.22235576923076922 0.06490384615384616 0.15144230769230768
0 0.4338942307692308 0.22355769230769232 0.06009615384615385 0.15384615384615385
0 0.18028846153846154 0.2247596153846154 0.057692307692307696 0.15625
0 0.021634615384615384 0.22355769230769232 0.038461538461538464 0.15865384615384615