0 0.9266826923076923 0.6105769230769231 0.13701923076923078 0.06009615384615385
0 0.2824519230769231 0.9375 0.23317307692307693 0.06971153846153846
0 0.30288461538461536 0.0889423076923077 0.22115384615384615 0.06490384615384616
0 0.3088942307692308 0.17307692307692307 0.21153846153846154 0.06490384615384616
0 0.296875 0.8485576923076923 0.21153846153846154 0.06490384615384616
0 0.30649038461538464 0.3449519230769231 0.22355769230769232 0.0625
0 0.31490384615384615 0.019230769230769232 0.22115384615384615 0.038461538461538464
0 0.30288461538461536 0.7632211538461539 0.22115384615384615 0.06490384615384616
0 0.3076923076923077 0.42427884615384615 0.23317307692307693 0.0673076923076923
0 0.31009615384615385 0.5108173076923077 0.23076923076923078 0.0625
0 0.3173076923076923 0.25600961538461536 0.1971153846153846 0.06009615384615385
0 0.3161057692307692 0.6754807692307693 0.21634615384615385 0.06971153846153846
0 0.6153846153846154 0.3485576923076923 0.16826923076923078 0.06009615384615385
0 0.6526442307692307 0.5913461538461539 0.1875 0.06009615384615385
0 0.6502403846153846 0.6778846153846154 0.22115384615384615 0.0673076923076923
0 0.6610576923076923 0.2620192307692308 0.2091346153846154 0.0673076923076923
0 0.6586538461538461 0.7572115384615384 0.20192307692307693 0.06971153846153846
0 0.671875 0.17427884615384615 0.20673076923076922 0.07211538461538461
0 0.6658653846153846 0.5132211538461539 0.19230769230769232 0.0625
0 0.6802884615384616 0.020432692307692308 0.2091346153846154 0.03365384615384615
0 0.6838942307692307 0.42788461538461536 0.21153846153846154 0.06490384615384616
0 0.6923076923076923 0.08774038461538461 0.21634615384615385 0.0625
0 0.6826923076923077 0.8473557692307693 0.2283653846153846 0.07451923076923077
0 0.8076923076923077 0.037259615384615384 0.15144230769230768 0.0673076923076923
0 0.9086538461538461 0.5240384615384616 0.15384615384615385 0.055288461538461536
0 0.9170673076923077 0.2644230769230769 0.16346153846153846 0.06009615384615385
0 0.9206730769230769 0.35697115384615385 0.15384615384615385 0.07451923076923077