0 0.2644230769230769 0.08173076923076923 0.18990384615384615 0.06971153846153846
0 0.2668269230769231 0.59375 0.3004807692307692 0.07211538461538461
0 0.25841346153846156 0.7692307692307693 0.24519230769230768 0.0625
0 0.25600961538461536 0.8497596153846154 0.25240384615384615 0.07692307692307693
0 0.25240384615384615 0.9411057692307693 0.2403846153846154 0.0673076923076923
0 0.29086538461538464 0.17067307692307693 0.25240384615384615 0.0625
0 0.2668269230769231 0.6826923076923077 0.23798076923076922 0.06490384615384616
0 0.29086538461538464 0.25600961538461536 0.24759615384615385 0.06971153846153846
0 0.29086538461538464 0.34134615384615385 0.22115384615384615 0.0673076923076923
0 0.29447115384615385 0.5060096153846154 0.21634615384615385 0.06009615384615385
0 0.3088942307692308 0.42788461538461536 0.25240384615384615 0.07451923076923077
0 0.6310096153846154 0.625 0.23798076923076922 0.08413461538461539
0 0.6622596153846154 0.11177884615384616 0.2283653846153846 0.07451923076923077
0 0.6286057692307693 0.7139423076923077 0.2283653846153846 0.06490384615384616
0 0.6358173076923077 0.6286057692307693 0.2283653846153846 0.0625
0 0.6634615384615384 0.036057692307692304 0.22355769230769232 0.0625
0 0.625 0.7956730769230769 0.2403846153846154 0.07932692307692307
0 0.6538461538461539 0.28365384615384615 0.24278846153846154 0.06490384615384616
0 0.6598557692307693 0.20192307692307693 0.23798076923076922 0.07211538461538461
0 0.6298076923076923 0.8774038461538461 0.25 0.09375
0 0.6550480769230769 0.36658653846153844 0.2644230769230769 0.07211538461538461
0 0.6478365384615384 0.5396634615384616 0.24519230769230768 0.07932692307692307
0 0.6274038461538461 0.9675480769230769 0.25 0.06009615384615385
0 0.6586538461538461 0.4579326923076923 0.25721153846153844 0.07211538461538461
0 0.8665865384615384 0.8918269230769231 0.22355769230769232 0.06971153846153846
0 0.8918269230769231 0.5456730769230769 0.20432692307692307 0.05048076923076923
0 0.8954326923076923 0.6358173076923077 0.18028846153846154 0.0625
0 0.8774038461538461 0.9723557692307693 0.1875 0.05048076923076923
0 0.8882211538461539 0.8088942307692307 0.18509615384615385 0.0625
0 0.90625 0.46875 0.18509615384615385 0.0673076923076923
0 0.9182692307692307 0.051682692307692304 0.15865384615384615 0.06490384615384616
0 0.9146634615384616 0.38100961538461536 0.1658653846153846 0.06490384615384616
0 0.9230769230769231 0.12620192307692307 0.14903846153846154 0.06971153846153846
0 0.921875 0.2091346153846154 0.15144230769230768 0.0673076923076923
0 0.9266826923076923 0.2980769230769231 0.14182692307692307 0.07211538461538461
0 0.9134615384615384 0.7235576923076923 0.14903846153846154 0.0673076923076923