0 0.8088942307692307 0.11658653846153846 0.06009615384615385 0.055288461538461536
0 0.8004807692307693 0.3713942307692308 0.08413461538461539 0.05048076923076923
0 0.6694711538461539 0.5540865384615384 0.34134615384615385 0.06971153846153846
0 0.6466346153846154 0.47115384615384615 0.2932692307692308 0.0673076923076923
0 0.6177884615384616 0.03485576923076923 0.24519230769230768 0.06971153846153846
0 0.6189903846153846 0.3870192307692308 0.24278846153846154 0.06490384615384616
0 0.6105769230769231 0.21754807692307693 0.27163461538461536 0.07692307692307693
0 0.6286057692307693 0.7223557692307693 0.24759615384615385 0.06490384615384616
0 0.6153846153846154 0.8137019230769231 0.22115384615384615 0.06971153846153846
0 0.5913461538461539 0.12259615384615384 0.22115384615384615 0.0625
0 0.609375 0.6394230769230769 0.21153846153846154 0.0625
0 0.2439903846153846 0.2247596153846154 0.22596153846153846 0.06490384615384616
0 0.2247596153846154 0.05048076923076923 0.23798076923076922 0.06971153846153846
0 0.22716346153846154 0.13701923076923078 0.24759615384615385 0.08653846153846154
0 0.21754807692307693 0.3125 0.27884615384615385 0.0673076923076923
0 0.21995192307692307 0.40384615384615385 0.3004807692307692 0.0673076923076923