0 0.5276442307692307 0.5108173076923077 0.22596153846153846 0.06971153846153846
0 0.5336538461538461 0.3401442307692308 0.22596153846153846 0.0673076923076923
0 0.5276442307692307 0.16826923076923078 0.23557692307692307 0.07932692307692307
0 0.5228365384615384 0.08173076923076923 0.2403846153846154 0.07211538461538461
0 0.5216346153846154 0.020432692307692308 0.25961538461538464 0.040865384615384616
0 0.5600961538461539 0.6802884615384616 0.24759615384615385 0.06971153846153846
0 0.5649038461538461 0.765625 0.24759615384615385 0.07451923076923077
0 0.5492788461538461 0.42788461538461536 0.25721153846153844 0.07692307692307693
0 0.5769230769230769 0.9387019230769231 0.2644230769230769 0.07932692307692307
0 0.5745192307692307 0.8521634615384616 0.2548076923076923 0.07932692307692307
0 0.5492788461538461 0.2548076923076923 0.27163461538461536 0.08173076923076923
0 0.5733173076923077 0.5961538461538461 0.2764423076923077 0.08413461538461539
0 0.8353365384615384 0.49399038461538464 0.28846153846153844 0.06490384615384616
0 0.8329326923076923 0.40625 0.27884615384615385 0.06971153846153846
0 0.8197115384615384 0.014423076923076924 0.27884615384615385 0.028846153846153848
0 0.8665865384615384 0.9230769230769231 0.2620192307692308 0.08653846153846154
0 0.8509615384615384 0.5793269230769231 0.25240384615384615 0.07211538461538461
0 0.8269230769230769 0.06490384615384616 0.25 0.07692307692307693
0 0.8377403846153846 0.23677884615384615 0.25240384615384615 0.06971153846153846
0 0.8641826923076923 0.7475961538461539 0.2668269230769231 0.08173076923076923
0 0.8629807692307693 0.6598557692307693 0.25961538461538464 0.07451923076923077
0 0.8557692307692307 0.3233173076923077 0.22115384615384615 0.07211538461538461
0 0.8485576923076923 0.1502403846153846 0.21634615384615385 0.07211538461538461
0 0.8846153846153846 0.8401442307692307 0.22596153846153846 0.06971153846153846
0 0.18870192307692307 0.03485576923076923 0.13701923076923078 0.040865384615384616
0 0.19471153846153846 0.1045673076923077 0.14182692307692307 0.06971153846153846
0 0.2247596153846154 0.6153846153846154 0.1466346153846154 0.06971153846153846
0 0.22956730769230768 0.6983173076923077 0.14903846153846154 0.0673076923076923
0 0.203125 0.18629807692307693 0.15384615384615385 0.06490384615384616
0 0.234375 0.7836538461538461 0.14903846153846154 0.06490384615384616
0 0.2247596153846154 0.5276442307692307 0.15625 0.0673076923076923
0 0.24278846153846154 0.8665865384615384 0.16105769230769232 0.0673076923076923
0 0.24879807692307693 0.9507211538461539 0.16105769230769232 0.055288461538461536
0 0.21394230769230768 0.27283653846153844 0.15625 0.0673076923076923
0 0.21995192307692307 0.3581730769230769 0.15865384615384615 0.0625
0 0.2247596153846154 0.4423076923076923 0.16105769230769232 0.06490384615384616