0 0.6514423076923077 0.9831730769230769 0.0625 0.028846153846153848
0 0.9086538461538461 0.1875 0.04807692307692308 0.08653846153846154
0 0.9783653846153846 0.18870192307692307 0.03365384615384615 0.0889423076923077
0 0.39302884615384615 0.19110576923076922 0.04567307692307692 0.0889423076923077
0 0.7331730769230769 0.19230769230769232 0.052884615384615384 0.09615384615384616
0 0.3076923076923077 0.19831730769230768 0.05048076923076923 0.09375
0 0.22115384615384615 0.1971153846153846 0.0625 0.10096153846153846
0 0.8173076923076923 0.19831730769230768 0.04807692307692308 0.10336538461538461
0 0.13942307692307693 0.19951923076923078 0.0625 0.10576923076923077
0 0.5600961538461539 0.20432692307692307 0.052884615384615384 0.1201923076923077
0 0.6490384615384616 0.20432692307692307 0.052884615384615384 0.11538461538461539
0 0.47596153846153844 0.2091346153846154 0.057692307692307696 0.1201923076923077
0 0.05048076923076923 0.4254807692307692 0.06009615384615385 0.21153846153846154
0 0.9747596153846154 0.4254807692307692 0.040865384615384616 0.22115384615384615
0 0.5649038461538461 0.4326923076923077 0.0625 0.22596153846153846
0 0.8185096153846154 0.43509615384615385 0.06490384615384616 0.22115384615384615
0 0.6466346153846154 0.4387019230769231 0.057692307692307696 0.21875
0 0.14903846153846154 0.4375 0.06009615384615385 0.21153846153846154
0 0.9014423076923077 0.4387019230769231 0.0625 0.21394230769230768
0 0.22596153846153846 0.4375 0.057692307692307696 0.22355769230769232
0 0.4807692307692308 0.43990384615384615 0.057692307692307696 0.22596153846153846
0 0.4074519230769231 0.4423076923076923 0.055288461538461536 0.21153846153846154
0 0.7355769230769231 0.4423076923076923 0.057692307692307696 0.1971153846153846
0 0.3161057692307692 0.4543269230769231 0.06490384615384616 0.20673076923076922
0 0.4110576923076923 0.7776442307692307 0.0673076923076923 0.21875
0 0.31971153846153844 0.7836538461538461 0.0625 0.21634615384615385
0 0.23557692307692307 0.7884615384615384 0.0625 0.20192307692307693
0 0.7367788461538461 0.7920673076923077 0.06009615384615385 0.21394230769230768
0 0.4879807692307692 0.7944711538461539 0.07451923076923077 0.2668269230769231
0 0.9807692307692307 0.8064903846153846 0.028846153846153848 0.20432692307692307
0 0.8245192307692307 0.8076923076923077 0.0625 0.20192307692307693
0 0.5745192307692307 0.8245192307692307 0.06009615384615385 0.21153846153846154