0 0.4987980769230769 0.5841346153846154 0.21153846153846154 0.07451923076923077
0 0.5084134615384616 0.75 0.2283653846153846 0.07932692307692307
0 0.515625 0.6646634615384616 0.24278846153846154 0.06971153846153846
0 0.5372596153846154 0.9819711538461539 0.2668269230769231 0.03125
0 0.48677884615384615 0.016826923076923076 0.22355769230769232 0.03365384615384615
0 0.5 0.2536057692307692 0.22115384615384615 0.07211538461538461
0 0.49759615384615385 0.07572115384615384 0.2091346153846154 0.07451923076923077
0 0.5204326923076923 0.5048076923076923 0.22115384615384615 0.07692307692307693
0 0.5384615384615384 0.8341346153846154 0.25 0.07692307692307693
0 0.5192307692307693 0.41586538461538464 0.2620192307692308 0.06971153846153846
0 0.5072115384615384 0.16346153846153846 0.20673076923076922 0.07451923076923077
0 0.5204326923076923 0.3317307692307692 0.24759615384615385 0.07211538461538461
0 0.5504807692307693 0.9182692307692307 0.25240384615384615 0.08413461538461539
0 0.7860576923076923 0.15384615384615385 0.27884615384615385 0.06490384615384616
0 0.7848557692307693 0.07091346153846154 0.24519230769230768 0.06490384615384616
0 0.7848557692307693 0.013221153846153846 0.28125 0.026442307692307692
0 0.8016826923076923 0.32572115384615385 0.24759615384615385 0.07692307692307693
0 0.8329326923076923 0.9194711538461539 0.24759615384615385 0.08173076923076923
0 0.8088942307692307 0.4074519230769231 0.22596153846153846 0.07211538461538461
0 0.8149038461538461 0.4963942307692308 0.2283653846153846 0.0673076923076923
0 0.8028846153846154 0.23798076923076922 0.24278846153846154 0.07451923076923077
0 0.8245192307692307 0.578125 0.23798076923076922 0.07692307692307693
0 0.8317307692307693 0.6634615384615384 0.25 0.06490384615384616
0 0.8401442307692307 0.7427884615384616 0.24278846153846154 0.07211538461538461
0 0.8473557692307693 0.8317307692307693 0.21394230769230768 0.07211538461538461
0 0.21754807692307693 0.9519230769230769 0.10336538461538461 0.06490384615384616
0 0.22115384615384615 0.8641826923076923 0.11298076923076923 0.07211538461538461
0 0.19230769230769232 0.2704326923076923 0.11778846153846154 0.0625
0 0.1875 0.18629807692307693 0.12259615384615384 0.06490384615384616
0 0.1971153846153846 0.3545673076923077 0.1201923076923077 0.06490384615384616
0 0.20192307692307693 0.43990384615384615 0.1201923076923077 0.0673076923076923
0 0.20793269230769232 0.5240384615384616 0.12740384615384615 0.0673076923076923
0 0.21634615384615385 0.6899038461538461 0.12259615384615384 0.0673076923076923
0 0.22115384615384615 0.7752403846153846 0.12259615384615384 0.07692307692307693
0 0.18509615384615385 0.09495192307692307 0.11298076923076923 0.07211538461538461
0 0.18389423076923078 0.030048076923076924 0.125 0.03125
0 0.21394230769230768 0.6057692307692307 0.11778846153846154 0.06490384615384616