0 0.22956730769230768 0.5336538461538461 0.15625 0.06490384615384616
0 0.23076923076923078 0.3557692307692308 0.15384615384615385 0.055288461538461536
0 0.22956730769230768 0.18509615384615385 0.17307692307692307 0.06009615384615385
0 0.24158653846153846 0.7043269230769231 0.1778846153846154 0.052884615384615384
0 0.24759615384615385 0.7872596153846154 0.19230769230769232 0.0625
0 0.2512019230769231 0.9615384615384616 0.19230769230769232 0.06009615384615385
0 0.23798076923076922 0.09375 0.18269230769230768 0.04567307692307692
0 0.2439903846153846 0.44711538461538464 0.18269230769230768 0.06490384615384616
0 0.23918269230769232 0.02403846153846154 0.16826923076923078 0.040865384615384616
0 0.2512019230769231 0.8725961538461539 0.18269230769230768 0.0625
0 0.24879807692307693 0.2692307692307692 0.18269230769230768 0.055288461538461536
0 0.28125 0.6153846153846154 0.21634615384615385 0.06009615384615385
0 0.4987980769230769 0.4375 0.2932692307692308 0.057692307692307696
0 0.5120192307692307 0.9591346153846154 0.25961538461538464 0.07692307692307693
0 0.5036057692307693 0.5192307692307693 0.23317307692307693 0.0625
0 0.5120192307692307 0.7752403846153846 0.25240384615384615 0.07932692307692307
0 0.515625 0.6971153846153846 0.23557692307692307 0.052884615384615384
0 0.5144230769230769 0.6105769230769231 0.22596153846153846 0.0625
0 0.5084134615384616 0.021634615384615384 0.23076923076923078 0.04326923076923077
0 0.5168269230769231 0.09735576923076923 0.25961538461538464 0.06490384615384616
0 0.5228365384615384 0.265625 0.24519230769230768 0.06971153846153846
0 0.5324519230769231 0.8677884615384616 0.22596153846153846 0.057692307692307696
0 0.5300480769230769 0.35336538461538464 0.19471153846153846 0.06009615384615385
0 0.5288461538461539 0.18269230769230768 0.21875 0.07211538461538461
0 0.8798076923076923 0.8617788461538461 0.23317307692307693 0.0625
0 0.8786057692307693 0.5949519230769231 0.2403846153846154 0.0625
0 0.8822115384615384 0.7752403846153846 0.23076923076923078 0.07451923076923077
0 0.8834134615384616 0.6826923076923077 0.2283653846153846 0.07211538461538461
0 0.8918269230769231 0.9519230769230769 0.21153846153846154 0.07692307692307693