0 0.609375 0.20793269230769232 0.0673076923076923 0.12259615384615384
0 0.18389423076923078 0.1935096153846154 0.0673076923076923 0.11778846153846154
0 0.7764423076923077 0.21634615384615385 0.0625 0.12740384615384615
0 0.09975961538461539 0.19230769230769232 0.07211538461538461 0.12740384615384615
0 0.6899038461538461 0.21514423076923078 0.0673076923076923 0.12259615384615384
0 0.5240384615384616 0.21033653846153846 0.0625 0.12259615384615384
0 0.2704326923076923 0.203125 0.06490384615384616 0.13221153846153846
0 0.9483173076923077 0.22716346153846154 0.06490384615384616 0.13221153846153846
0 0.4375 0.21153846153846154 0.0673076923076923 0.13701923076923078
0 0.35096153846153844 0.2091346153846154 0.0625 0.13221153846153846
0 0.8653846153846154 0.23076923076923078 0.0625 0.12740384615384615
0 0.515625 0.5048076923076923 0.0673076923076923 0.23798076923076922
0 0.020432692307692308 0.5048076923076923 0.040865384615384616 0.25
0 0.33774038461538464 0.5240384615384616 0.06490384615384616 0.21153846153846154
0 0.1658653846153846 0.5180288461538461 0.0673076923076923 0.23557692307692307
0 0.8557692307692307 0.5432692307692307 0.07451923076923077 0.25240384615384615
0 0.0829326923076923 0.5192307692307693 0.06009615384615385 0.21394230769230768
0 0.42908653846153844 0.53125 0.06009615384615385 0.19951923076923078
0 0.7728365384615384 0.5444711538461539 0.08173076923076923 0.24519230769230768
0 0.5985576923076923 0.5420673076923077 0.07932692307692307 0.2668269230769231
0 0.9411057692307693 0.5540865384615384 0.06971153846153846 0.2283653846153846
0 0.6766826923076923 0.5480769230769231 0.06490384615384616 0.22115384615384615
0 0.25 0.5396634615384616 0.0673076923076923 0.22355769230769232
0 0.7608173076923077 0.8221153846153846 0.07211538461538461 0.24759615384615385
0 0.9387019230769231 0.8317307692307693 0.07692307692307693 0.2644230769230769
0 0.5829326923076923 0.8185096153846154 0.06009615384615385 0.19471153846153846
0 0.07451923076923077 0.8040865384615384 0.07451923076923077 0.2644230769230769
0 0.4951923076923077 0.8221153846153846 0.0625 0.2283653846153846
0 0.015625 0.8076923076923077 0.03125 0.22115384615384615
0 0.41346153846153844 0.8197115384615384 0.0625 0.22355769230769232
0 0.671875 0.8425480769230769 0.06490384615384616 0.25240384615384615
0 0.2403846153846154 0.8305288461538461 0.06971153846153846 0.24278846153846154
0 0.16105769230769232 0.8317307692307693 0.06009615384615385 0.21394230769230768
0 0.3329326923076923 0.8389423076923077 0.0625 0.21153846153846154
0 0.8425480769230769 0.8629807692307693 0.057692307692307696 0.19951923076923078