0 0.8822115384615384 0.25961538461538464 0.08173076923076923 0.21634615384615385
0 0.36658653846153844 0.30528846153846156 0.07211538461538461 0.22355769230769232
0 0.9567307692307693 0.25600961538461536 0.0625 0.22115384615384615
0 0.28725961538461536 0.3173076923076923 0.07451923076923077 0.2283653846153846
0 0.7944711538461539 0.27283653846153844 0.07451923076923077 0.23798076923076922
0 0.203125 0.328125 0.08173076923076923 0.23076923076923078
0 0.7103365384615384 0.2848557692307692 0.07451923076923077 0.24278846153846154
0 0.11658653846153846 0.33774038461538464 0.08413461538461539 0.2692307692307692
0 0.03245192307692308 0.3473557692307692 0.06490384615384616 0.2620192307692308
0 0.6286057692307693 0.2956730769230769 0.07692307692307693 0.25961538461538464
0 0.45913461538461536 0.31009615384615385 0.07932692307692307 0.25
0 0.5396634615384616 0.3088942307692308 0.07451923076923077 0.23317307692307693
0 0.057692307692307696 0.6189903846153846 0.08653846153846154 0.24759615384615385
0 0.4891826923076923 0.5841346153846154 0.0889423076923077 0.2860576923076923
0 0.23317307692307693 0.6153846153846154 0.08413461538461539 0.27403846153846156
0 0.14423076923076922 0.6225961538461539 0.07932692307692307 0.25961538461538464
0 0.4050480769230769 0.6009615384615384 0.07932692307692307 0.25721153846153844
0 0.5709134615384616 0.5889423076923077 0.07932692307692307 0.2620192307692308
0 0.9759615384615384 0.5600961538461539 0.04326923076923077 0.27403846153846156
0 0.8185096153846154 0.5733173076923077 0.08173076923076923 0.25
0 0.65625 0.5889423076923077 0.06971153846153846 0.23557692307692307
0 0.9098557692307693 0.5709134615384616 0.07692307692307693 0.24278846153846154
0 0.7403846153846154 0.5961538461538461 0.07211538461538461 0.21875
0 0.32211538461538464 0.6322115384615384 0.07932692307692307 0.22355769230769232
0 0.6862980769230769 0.9002403846153846 0.08413461538461539 0.17067307692307693
0 0.4411057692307692 0.9182692307692307 0.08413461538461539 0.15865384615384615
0 0.3545673076923077 0.921875 0.07932692307692307 0.15144230769230768
0 0.5228365384615384 0.9170673076923077 0.0889423076923077 0.16105769230769232
0 0.2704326923076923 0.9278846153846154 0.08413461538461539 0.13942307692307693
0 0.1875 0.9314903846153846 0.09134615384615384 0.13221153846153846
0 0.8557692307692307 0.8894230769230769 0.07451923076923077 0.16105769230769232
0 0.10096153846153846 0.9350961538461539 0.09615384615384616 0.125
0 0.7716346153846154 0.9014423076923077 0.07451923076923077 0.15384615384615385
0 0.6033653846153846 0.9158653846153846 0.07451923076923077 0.15384615384615385
0 0.9423076923076923 0.8894230769230769 0.06971153846153846 0.1466346153846154
0 0.9903846153846154 0.8846153846153846 0.014423076923076924 0.14423076923076922