0 0.75 0.9555288461538461 0.14903846153846154 0.07211538461538461
0 0.7512019230769231 0.8653846153846154 0.16346153846153846 0.07211538461538461
0 0.7908653846153846 0.2764423076923077 0.15384615384615385 0.07211538461538461
0 0.7596153846153846 0.6935096153846154 0.17067307692307693 0.07932692307692307
0 0.7524038461538461 0.7800480769230769 0.17307692307692307 0.07932692307692307
0 0.7932692307692307 0.18870192307692307 0.15625 0.07451923076923077
0 0.7608173076923077 0.6081730769230769 0.16346153846153846 0.0673076923076923
0 0.7788461538461539 0.3581730769230769 0.16105769230769232 0.07692307692307693
0 0.7956730769230769 0.10336538461538461 0.1778846153846154 0.07451923076923077
0 0.7704326923076923 0.44591346153846156 0.17067307692307693 0.08173076923076923
0 0.7680288461538461 0.5300480769230769 0.17307692307692307 0.08173076923076923
0 0.7956730769230769 0.037259615384615384 0.16346153846153846 0.038461538461538464
0 0.44350961538461536 0.5853365384615384 0.19471153846153846 0.07211538461538461
0 0.4375 0.6622596153846154 0.20432692307692307 0.07211538461538461
0 0.4807692307692308 0.019230769230769232 0.21153846153846154 0.038461538461538464
0 0.4639423076923077 0.2512019230769231 0.21153846153846154 0.07692307692307693
0 0.41586538461538464 0.9158653846153846 0.2548076923076923 0.08173076923076923
0 0.42427884615384615 0.75 0.20192307692307693 0.08173076923076923
0 0.4387019230769231 0.5024038461538461 0.23798076923076922 0.08413461538461539
0 0.46153846153846156 0.1622596153846154 0.20192307692307693 0.08173076923076923
0 0.4483173076923077 0.3329326923076923 0.22115384615384615 0.07211538461538461
0 0.4338942307692308 0.41586538461538464 0.23076923076923078 0.07692307692307693
0 0.39903846153846156 0.8377403846153846 0.23076923076923078 0.07692307692307693
0 0.453125 0.07572115384615384 0.19951923076923078 0.06971153846153846
0 0.12860576923076922 0.9146634615384616 0.25721153846153844 0.07451923076923077
0 0.1778846153846154 0.14543269230769232 0.27163461538461536 0.07211538461538461
0 0.1466346153846154 0.49278846153846156 0.24759615384615385 0.07211538461538461
0 0.14783653846153846 0.32572115384615385 0.2548076923076923 0.08413461538461539
0 0.15504807692307693 0.23317307692307693 0.23557692307692307 0.08173076923076923
0 0.13822115384615385 0.40024038461538464 0.21875 0.07211538461538461
0 0.12620192307692307 0.5733173076923077 0.2091346153846154 0.06971153846153846
0 0.15985576923076922 0.0625 0.18509615384615385 0.0673076923076923
0 0.0985576923076923 0.9170673076923077 0.16346153846153846 0.057692307692307696
0 0.1141826923076923 0.6550480769230769 0.21875 0.07451923076923077
0 0.09134615384615384 0.828125 0.1658653846153846 0.06009615384615385
0 0.09735576923076923 0.734375 0.19471153846153846 0.06971153846153846