0 0.9495192307692307 0.43028846153846156 0.07692307692307693 0.25240384615384615
0 0.5216346153846154 0.40865384615384615 0.07932692307692307 0.28365384615384615
0 0.7764423076923077 0.43149038461538464 0.08413461538461539 0.2764423076923077
0 0.8545673076923077 0.4375 0.08653846153846154 0.25
0 0.6057692307692307 0.42427884615384615 0.07211538461538461 0.23557692307692307
0 0.03125 0.3870192307692308 0.06009615384615385 0.25961538461538464
0 0.0985576923076923 0.39302884615384615 0.07451923076923077 0.23076923076923078
0 0.4375 0.4170673076923077 0.07211538461538461 0.25
0 0.18870192307692307 0.4014423076923077 0.07451923076923077 0.24278846153846154
0 0.3557692307692308 0.41346153846153844 0.07211538461538461 0.23076923076923078
0 0.2692307692307692 0.4230769230769231 0.07211538461538461 0.21875
0 0.6911057692307693 0.4543269230769231 0.0673076923076923 0.22115384615384615
0 0.5733173076923077 0.7776442307692307 0.07451923076923077 0.22115384615384615
0 0.6538461538461539 0.7908653846153846 0.07692307692307693 0.24519230769230768
0 0.7403846153846154 0.796875 0.08173076923076923 0.23557692307692307
0 0.2403846153846154 0.7632211538461539 0.07451923076923077 0.23317307692307693
0 0.014423076923076924 0.7512019230769231 0.028846153846153848 0.2283653846153846
0 0.48677884615384615 0.7884615384615384 0.07932692307692307 0.2644230769230769
0 0.3317307692307692 0.7836538461538461 0.09375 0.2668269230769231
0 0.06850961538461539 0.765625 0.07211538461538461 0.24278846153846154
0 0.8257211538461539 0.8209134615384616 0.08413461538461539 0.2668269230769231
0 0.15384615384615385 0.7728365384615384 0.07692307692307693 0.25
0 0.9170673076923077 0.8293269230769231 0.07211538461538461 0.2548076923076923
0 0.4098557692307692 0.796875 0.07451923076923077 0.2620192307692308
0 0.11538461538461539 0.15504807692307693 0.06490384615384616 0.08173076923076923
0 0.040865384615384616 0.1502403846153846 0.040865384615384616 0.07932692307692307
0 0.6225961538461539 0.1935096153846154 0.057692307692307696 0.08173076923076923
0 0.28846153846153844 0.17307692307692307 0.0625 0.09375
0 0.7163461538461539 0.203125 0.04807692307692308 0.08173076923076923
0 0.7944711538461539 0.21153846153846154 0.07451923076923077 0.09375
0 0.8834134615384616 0.21995192307692307 0.07451923076923077 0.0985576923076923
0 0.20072115384615385 0.17668269230769232 0.052884615384615384 0.09615384615384616
0 0.5384615384615384 0.20192307692307693 0.07211538461538461 0.11057692307692307
0 0.9651442307692307 0.23317307692307693 0.06490384615384616 0.11057692307692307
0 0.36899038461538464 0.19230769230769232 0.052884615384615384 0.10336538461538461
0 0.45552884615384615 0.20072115384615385 0.05048076923076923 0.10336538461538461