0 0.9795673076923077 0.5949519230769231 0.038461538461538464 0.2403846153846154
0 0.15264423076923078 0.5516826923076923 0.0673076923076923 0.2764423076923077
0 0.4879807692307692 0.5673076923076923 0.07451923076923077 0.29086538461538464
0 0.40384615384615385 0.5600961538461539 0.07451923076923077 0.2764423076923077
0 0.9266826923076923 0.5805288461538461 0.06490384615384616 0.24278846153846154
0 0.32572115384615385 0.5420673076923077 0.07932692307692307 0.25
0 0.23197115384615385 0.5324519230769231 0.07451923076923077 0.25961538461538464
0 0.06971153846153846 0.5228365384615384 0.07211538461538461 0.25721153846153844
0 0.5805288461538461 0.5432692307692307 0.0673076923076923 0.2283653846153846
0 0.8329326923076923 0.5540865384615384 0.07211538461538461 0.23317307692307693
0 0.7451923076923077 0.5480769230769231 0.06971153846153846 0.23557692307692307
0 0.6610576923076923 0.5396634615384616 0.06971153846153846 0.2283653846153846
0 0.5108173076923077 0.1875 0.07692307692307693 0.24759615384615385
0 0.6838942307692307 0.19110576923076922 0.0673076923076923 0.22596153846153846
0 0.9459134615384616 0.20072115384615385 0.07451923076923077 0.25721153846153844
0 0.5949519230769231 0.17668269230769232 0.07932692307692307 0.27403846153846156
0 0.859375 0.18990384615384615 0.07451923076923077 0.25961538461538464
0 0.25 0.15625 0.07211538461538461 0.25
0 0.1658653846153846 0.14903846153846154 0.08413461538461539 0.25961538461538464
0 0.0829326923076923 0.13942307692307693 0.07692307692307693 0.2692307692307692
0 0.34375 0.15144230769230768 0.06971153846153846 0.28365384615384615
0 0.7692307692307693 0.17307692307692307 0.08413461538461539 0.2692307692307692
0 0.4254807692307692 0.15384615384615385 0.07932692307692307 0.29086538461538464
0 0.5540865384615384 0.8076923076923077 0.0625 0.09615384615384616
0 0.7211538461538461 0.8137019230769231 0.06490384615384616 0.10576923076923077
0 0.21514423076923078 0.7860576923076923 0.0625 0.10817307692307693
0 0.04567307692307692 0.7704326923076923 0.0625 0.11778846153846154
0 0.6394230769230769 0.7980769230769231 0.057692307692307696 0.12740384615384615
0 0.13221153846153846 0.7704326923076923 0.055288461538461536 0.12980769230769232
0 0.47596153846153844 0.7848557692307693 0.06971153846153846 0.13701923076923078
0 0.9639423076923077 0.8100961538461539 0.04326923076923077 0.1346153846153846
0 0.8052884615384616 0.8004807692307693 0.07692307692307693 0.13701923076923078
0 0.30288461538461536 0.7728365384615384 0.06490384615384616 0.14423076923076922
0 0.3894230769230769 0.7740384615384616 0.06490384615384616 0.14423076923076922
0 0.8930288461538461 0.8004807692307693 0.07451923076923077 0.14423076923076922